--Timestamp---	Temp	Chill	HIndex	Humid	Dewpt	 Wind 	HiWind	WindDir	Rain 	Barom	Solar	 ET  	 UV 
--------------	----	-----	------	-----	-----	------	------	-------	-----	-----	-----	-----	----
20111003 00:00	55.7	55.7	55.7	97	54.9	0	0	-100000	0.00	29.957	0	0.000	-100000.0
20111003 00:05	55.5	55.5	55.5	97	54.7	0	0	-100000	0.00	29.957	0	0.000	-100000.0
20111003 00:10	55.5	55.5	55.5	97	54.7	0	0	-100000	0.00	29.957	0	0.000	-100000.0
20111003 00:15	55.2	55.2	55.2	97	54.4	0	0	-100000	0.00	29.957	0	0.000	-100000.0
20111003 00:20	54.8	54.8	54.8	97	54.0	0	1	158	0.00	29.957	0	0.000	-100000.0
20111003 00:25	54.8	54.8	54.8	97	54.0	0	1	158	0.00	29.957	0	0.000	-100000.0
20111003 00:30	54.6	54.6	54.6	97	53.8	0	1	158	0.00	29.957	0	0.000	-100000.0
20111003 00:35	54.6	54.6	54.6	97	53.8	0	1	158	0.00	29.957	0	0.000	-100000.0
20111003 00:40	54.8	54.8	54.8	97	54.0	0	1	158	0.00	29.957	0	0.000	-100000.0
20111003 00:45	54.8	54.8	54.8	97	54.0	0	1	158	0.00	29.957	0	0.000	-100000.0
20111003 00:50	55.2	55.2	55.2	98	54.6	0	1	158	0.00	29.957	0	0.000	-100000.0
20111003 00:55	55.4	55.4	55.4	98	54.8	0	1	158	0.00	29.957	0	0.000	-100000.0
20111003 01:00	55.1	55.1	55.1	97	54.3	0	1	158	0.00	29.957	0	0.000	-100000.0
20111003 01:05	54.7	54.7	54.7	97	53.9	0	0	-100000	0.00	29.957	0	0.000	-100000.0
20111003 01:10	54.5	54.5	54.5	97	53.7	0	0	-100000	0.00	29.957	0	0.000	-100000.0
20111003 01:15	53.9	53.9	53.9	97	53.1	0	0	-100000	0.00	29.956	0	0.000	-100000.0
20111003 01:20	53.4	53.4	53.4	97	52.6	0	0	-100000	0.00	29.956	0	0.000	-100000.0
20111003 01:25	53.1	53.1	53.1	97	52.3	0	0	-100000	0.00	29.956	0	0.000	-100000.0
20111003 01:30	53.1	53.1	53.1	97	52.3	0	0	-100000	0.00	29.959	0	0.000	-100000.0
20111003 01:35	53.0	53.0	53.0	97	52.2	0	1	158	0.00	29.959	0	0.000	-100000.0
20111003 01:40	52.9	52.9	52.9	97	52.1	0	1	158	0.00	29.959	0	0.000	-100000.0
20111003 01:45	52.7	52.7	52.7	97	51.9	0	0	-100000	0.00	29.958	0	0.000	-100000.0
20111003 01:50	52.6	52.6	52.6	97	51.8	0	0	-100000	0.00	29.958	0	0.000	-100000.0
20111003 01:55	52.9	52.9	52.9	98	52.3	0	1	158	0.00	29.958	0	0.000	-100000.0
20111003 02:00	53.3	53.3	53.3	98	52.7	0	1	158	0.00	29.959	0	0.000	-100000.0
20111003 02:05	52.5	52.5	52.5	97	51.7	0	1	158	0.00	29.959	0	0.000	-100000.0
20111003 02:10	52.2	52.2	52.2	97	51.4	0	1	158	0.00	29.959	0	0.000	-100000.0
20111003 02:15	52.1	52.1	52.1	98	51.6	0	2	158	0.00	29.967	0	0.000	-100000.0
20111003 02:20	52.0	52.0	52.0	97	51.2	0	2	158	0.00	29.967	0	0.000	-100000.0
20111003 02:25	52.0	52.0	52.0	97	51.2	0	0	-100000	0.00	29.967	0	0.000	-100000.0
20111003 02:30	52.1	52.1	52.1	98	51.6	0	1	158	0.00	29.971	0	0.000	-100000.0
20111003 02:35	52.2	52.2	52.2	98	51.7	0	0	-100000	0.00	29.971	0	0.000	-100000.0
20111003 02:40	52.3	52.3	52.3	98	51.8	0	0	-100000	0.00	29.971	0	0.000	-100000.0
20111003 02:45	52.4	52.4	52.4	98	51.9	0	0	-100000	0.00	29.973	0	0.000	-100000.0
20111003 02:50	52.7	52.7	52.7	98	52.1	0	1	158	0.00	29.973	0	0.000	-100000.0
20111003 02:55	52.6	52.6	52.6	98	52.0	0	1	158	0.00	29.973	0	0.000	-100000.0
20111003 03:00	52.6	52.6	52.6	98	52.0	0	1	158	0.00	29.969	0	0.000	-100000.0
20111003 03:05	52.7	52.7	52.7	98	52.1	0	2	158	0.00	29.969	0	0.000	-100000.0
20111003 03:10	52.7	52.7	52.7	98	52.1	0	0	-100000	0.00	29.969	0	0.000	-100000.0
20111003 03:15	52.7	52.7	52.7	98	52.1	0	0	-100000	0.00	29.974	0	0.000	-100000.0
20111003 03:20	52.9	52.9	52.9	98	52.3	0	0	-100000	0.00	29.974	0	0.000	-100000.0
20111003 03:25	53.1	53.1	53.1	98	52.5	1	3	158	0.00	29.974	0	0.000	-100000.0
20111003 03:30	53.3	53.3	53.3	98	52.7	0	3	158	0.00	29.959	0	0.000	-100000.0
20111003 03:35	53.2	53.2	53.2	98	52.6	0	1	158	0.00	29.959	0	0.000	-100000.0
20111003 03:40	53.1	53.1	53.1	98	52.5	0	1	158	0.00	29.959	0	0.000	-100000.0
20111003 03:45	53.0	53.0	53.0	98	52.4	0	1	158	0.00	29.965	0	0.000	-100000.0
20111003 03:50	53.1	53.1	53.1	98	52.5	0	1	158	0.00	29.965	0	0.000	-100000.0
20111003 03:55	52.9	52.9	52.9	98	52.3	0	0	-100000	0.00	29.965	0	0.000	-100000.0
20111003 04:00	52.9	52.9	52.9	98	52.3	0	1	158	0.00	29.964	0	0.000	-100000.0
20111003 04:05	52.7	52.7	52.7	98	52.1	0	0	-100000	0.00	29.964	0	0.000	-100000.0
20111003 04:10	52.5	52.5	52.5	98	52.0	0	1	158	0.00	29.964	0	0.000	-100000.0
20111003 04:15	52.5	52.5	52.5	98	52.0	0	1	158	0.00	29.985	0	0.000	-100000.0
20111003 04:20	52.6	52.6	52.6	98	52.0	0	1	158	0.00	29.985	0	0.000	-100000.0
20111003 04:25	52.6	52.6	52.6	98	52.0	0	0	-100000	0.00	29.985	0	0.000	-100000.0
20111003 04:30	52.6	52.6	52.6	98	52.0	0	1	158	0.00	29.983	0	0.000	-100000.0
20111003 04:35	52.5	52.5	52.5	98	52.0	0	0	-100000	0.00	29.983	0	0.000	-100000.0
20111003 04:40	52.4	52.4	52.4	98	51.9	0	0	-100000	0.00	29.983	0	0.000	-100000.0
20111003 04:45	52.4	52.4	52.4	98	51.9	0	0	-100000	0.00	29.988	0	0.000	-100000.0
20111003 04:50	52.5	52.5	52.5	98	52.0	0	0	-100000	0.00	29.988	0	0.000	-100000.0
20111003 04:55	52.6	52.6	52.6	98	52.0	0	0	-100000	0.00	29.988	0	0.000	-100000.0
20111003 05:00	52.7	52.7	52.7	98	52.1	0	0	-100000	0.00	29.989	0	0.000	-100000.0
20111003 05:05	52.7	52.7	52.7	98	52.1	0	1	158	0.00	29.989	0	0.000	-100000.0
20111003 05:10	52.7	52.7	52.7	98	52.1	0	0	-100000	0.00	29.989	0	0.000	-100000.0
20111003 05:15	52.8	52.8	52.8	98	52.2	0	0	-100000	0.00	30.000	0	0.000	-100000.0
20111003 05:20	52.8	52.8	52.8	98	52.2	0	0	-100000	0.00	30.000	0	0.000	-100000.0
20111003 05:25	52.9	52.9	52.9	98	52.3	0	1	158	0.00	30.000	0	0.000	-100000.0
20111003 05:30	53.0	53.0	53.0	98	52.4	0	1	158	0.00	30.004	0	0.000	-100000.0
20111003 05:35	53.2	53.2	53.2	98	52.6	0	0	-100000	0.00	30.004	0	0.000	-100000.0
20111003 05:40	53.2	53.2	53.2	98	52.6	0	0	-100000	0.00	30.004	0	0.000	-100000.0
20111003 05:45	53.2	53.2	53.2	98	52.6	0	1	158	0.00	30.007	0	0.000	-100000.0
20111003 05:50	53.3	53.3	53.3	98	52.7	0	0	-100000	0.00	30.007	0	0.000	-100000.0
20111003 05:55	53.3	53.3	53.3	98	52.7	0	0	-100000	0.00	30.007	0	0.000	-100000.0
20111003 06:00	53.2	53.2	53.2	98	52.6	0	0	-100000	0.00	30.016	0	0.000	-100000.0
20111003 06:05	53.3	53.3	53.3	98	52.7	0	0	-100000	0.00	30.016	0	0.000	-100000.0
20111003 06:10	53.4	53.4	53.4	98	52.8	0	0	-100000	0.00	30.016	0	0.000	-100000.0
20111003 06:15	53.7	53.7	53.7	98	53.1	0	3	158	0.00	30.020	0	0.000	-100000.0
20111003 06:20	54.0	54.0	54.0	98	53.4	3	5	158	0.00	30.020	0	0.000	-100000.0
20111003 06:25	54.1	54.1	54.1	98	53.5	2	5	158	0.00	30.020	0	0.000	-100000.0
20111003 06:30	54.2	54.2	54.2	98	53.6	1	3	158	0.01	30.022	0	0.000	-100000.0
20111003 06:35	54.2	54.2	54.2	98	53.6	1	4	158	0.00	30.022	0	0.000	-100000.0
20111003 06:40	54.2	54.2	54.2	98	53.6	2	4	158	0.00	30.022	0	0.000	-100000.0
20111003 06:45	54.2	54.2	54.2	98	53.6	1	3	158	0.00	30.033	0	0.000	-100000.0
20111003 06:50	54.2	54.2	54.2	98	53.6	1	4	158	0.00	30.033	0	0.000	-100000.0
20111003 06:55	54.3	54.3	54.3	98	53.7	0	4	158	0.00	30.033	0	0.000	-100000.0
20111003 07:00	54.3	54.3	54.3	98	53.7	1	5	158	0.00	30.038	0	0.000	-100000.0
20111003 07:05	54.3	54.3	54.3	98	53.7	1	4	158	0.00	30.038	0	0.000	-100000.0
20111003 07:10	54.3	54.3	54.3	98	53.7	1	4	158	0.00	30.038	0	0.000	-100000.0
20111003 07:15	54.2	54.2	54.2	98	53.6	2	5	158	0.00	30.049	6	0.000	-100000.0
20111003 07:20	54.2	54.2	54.2	98	53.6	2	5	158	0.00	30.049	10	0.000	-100000.0
20111003 07:25	54.3	54.3	54.3	98	53.7	1	4	158	0.00	30.049	22	0.000	-100000.0
20111003 07:30	54.4	54.4	54.4	98	53.8	1	5	158	0.00	30.052	22	0.000	-100000.0
20111003 07:35	54.4	54.4	54.4	98	53.8	1	3	158	0.00	30.052	37	0.000	-100000.0
20111003 07:40	54.5	54.5	54.5	98	53.9	1	5	158	0.00	30.052	38	0.000	-100000.0
20111003 07:45	54.5	54.5	54.5	98	53.9	2	4	158	0.00	30.052	44	0.000	-100000.0
20111003 07:50	54.6	54.6	54.6	98	54.0	0	2	158	0.00	30.052	45	0.000	-100000.0
20111003 07:55	54.6	54.6	54.6	98	54.0	1	3	158	0.00	30.052	55	0.000	-100000.0
20111003 08:00	54.8	54.8	54.8	98	54.2	1	3	158	0.00	30.052	74	0.001	-100000.0
20111003 08:05	54.8	54.8	54.8	98	54.2	0	1	158	0.00	30.052	78	0.000	-100000.0
20111003 08:10	54.9	54.9	54.9	98	54.3	0	1	158	0.00	30.052	68	0.000	-100000.0
20111003 08:15	55.0	55.0	55.0	98	54.4	0	1	158	0.00	30.061	70	0.000	-100000.0
20111003 08:20	55.0	55.0	55.0	98	54.4	0	2	158	0.00	30.061	83	0.000	-100000.0
20111003 08:25	55.0	55.0	55.0	98	54.4	0	1	158	0.00	30.061	89	0.000	-100000.0
20111003 08:30	55.3	55.3	55.3	98	54.7	0	2	158	0.00	30.069	85	0.000	-100000.0
20111003 08:35	55.3	55.3	55.3	98	54.7	0	3	158	0.00	30.069	91	0.000	-100000.0
20111003 08:40	55.3	55.3	55.3	98	54.7	1	3	158	0.00	30.069	91	0.000	-100000.0
20111003 08:45	55.4	55.4	55.4	97	54.6	1	5	158	0.00	30.081	71	0.000	-100000.0
20111003 08:50	55.7	55.7	55.7	97	54.9	0	1	158	0.00	30.081	63	0.000	-100000.0
20111003 08:55	55.5	55.5	55.5	97	54.7	2	6	158	0.00	30.081	66	0.000	-100000.0
20111003 09:00	55.5	55.5	55.5	97	54.7	1	5	158	0.00	30.086	58	0.001	-100000.0
20111003 09:05	55.6	55.6	55.6	97	54.8	1	4	158	0.00	30.086	52	0.000	-100000.0
20111003 09:10	55.7	55.7	55.7	97	54.9	0	4	158	0.00	30.086	65	0.000	-100000.0
20111003 09:15	55.7	55.7	55.7	97	54.9	1	4	158	0.00	30.096	80	0.000	-100000.0
20111003 09:20	55.8	55.8	55.8	97	55.0	0	2	158	0.00	30.096	89	0.000	-100000.0
20111003 09:25	55.9	55.9	55.9	96	54.8	1	5	158	0.00	30.096	86	0.000	-100000.0
20111003 09:30	56.0	56.0	56.0	96	54.9	1	4	158	0.00	30.098	80	0.000	-100000.0
20111003 09:35	56.1	56.1	56.1	96	55.0	1	4	158	0.00	30.098	84	0.000	-100000.0
20111003 09:40	56.1	56.1	56.1	96	55.0	1	4	158	0.00	30.098	93	0.000	-100000.0
20111003 09:45	56.2	56.2	56.2	96	55.1	1	5	158	0.00	30.099	122	0.000	-100000.0
20111003 09:50	56.3	56.3	56.3	95	54.9	1	6	158	0.00	30.099	138	0.000	-100000.0
20111003 09:55	56.4	56.4	56.4	95	55.0	1	5	158	0.00	30.099	133	0.000	-100000.0
20111003 10:00	56.3	56.3	56.3	95	54.9	2	6	158	0.00	30.110	117	0.002	-100000.0
20111003 10:05	56.3	56.3	56.3	94	54.6	2	7	158	0.00	30.110	127	0.000	-100000.0
20111003 10:10	56.4	56.4	56.4	94	54.7	1	4	158	0.00	30.110	153	0.000	-100000.0
20111003 10:15	56.5	56.5	56.5	93	54.5	1	6	158	0.00	30.113	147	0.000	-100000.0
20111003 10:20	56.5	56.5	56.5	93	54.5	2	6	158	0.00	30.113	128	0.000	-100000.0
20111003 10:25	56.5	56.5	56.5	92	54.2	2	6	158	0.00	30.113	122	0.000	-100000.0
20111003 10:30	56.6	56.6	56.6	92	54.3	0	2	158	0.00	30.113	108	0.000	-100000.0
20111003 10:35	56.7	56.7	56.7	92	54.4	0	3	158	0.00	30.113	116	0.000	-100000.0
20111003 10:40	56.7	56.7	56.7	92	54.4	1	5	158	0.00	30.113	130	0.000	-100000.0
20111003 10:45	56.8	56.8	56.8	92	54.5	1	5	158	0.00	30.117	126	0.000	-100000.0
20111003 10:50	56.9	56.9	56.9	92	54.6	1	6	180	0.00	30.117	145	0.000	-100000.0
20111003 10:55	57.1	57.1	57.1	92	54.8	0	5	180	0.00	30.117	222	0.000	-100000.0
20111003 11:00	57.4	57.4	57.4	92	55.1	1	5	180	0.00	30.115	336	0.003	-100000.0
20111003 11:05	57.9	57.9	57.9	90	55.0	2	6	180	0.00	30.115	449	0.000	-100000.0
20111003 11:10	58.6	58.6	58.6	89	55.4	1	5	180	0.00	30.115	441	0.000	-100000.0
20111003 11:15	59.0	59.0	59.0	88	55.4	1	5	180	0.00	30.117	293	0.000	-100000.0
20111003 11:20	59.0	59.0	59.0	87	55.1	1	5	180	0.00	30.117	303	0.000	-100000.0
20111003 11:25	59.0	59.0	59.0	85	54.5	1	4	202	0.00	30.117	258	0.000	-100000.0
20111003 11:30	59.0	59.0	59.0	84	54.2	1	6	202	0.00	30.115	186	0.000	-100000.0
20111003 11:35	58.9	58.9	58.9	84	54.1	1	5	225	0.00	30.115	138	0.000	-100000.0
20111003 11:40	58.5	58.5	58.5	85	54.0	2	7	225	0.00	30.115	133	0.000	-100000.0
20111003 11:45	58.4	58.4	58.4	83	53.3	2	11	225	0.00	30.116	140	0.000	-100000.0
20111003 11:50	58.5	58.5	58.5	82	53.0	1	8	225	0.00	30.116	175	0.000	-100000.0
20111003 11:55	58.5	58.5	58.5	82	53.0	2	9	225	0.00	30.116	156	0.000	-100000.0
20111003 12:00	58.4	58.4	58.4	83	53.3	1	6	225	0.00	30.125	105	0.005	-100000.0
20111003 12:05	58.3	58.3	58.3	84	53.5	1	5	225	0.00	30.125	122	0.000	-100000.0
20111003 12:10	58.3	58.3	58.3	83	53.2	1	5	225	0.00	30.125	136	0.000	-100000.0
20111003 12:15	58.4	58.4	58.4	81	52.6	2	6	225	0.00	30.120	151	0.000	-100000.0
20111003 12:20	58.3	58.3	58.3	76	50.8	4	11	225	0.00	30.120	152	0.000	-100000.0
20111003 12:25	58.4	58.4	58.4	75	50.5	2	7	202	0.00	30.120	164	0.000	-100000.0
20111003 12:30	58.7	58.7	58.7	77	51.5	1	6	202	0.00	30.117	187	0.000	-100000.0
20111003 12:35	58.7	58.7	58.7	77	51.5	2	9	202	0.00	30.117	232	0.000	-100000.0
20111003 12:40	58.9	58.9	58.9	76	51.3	1	7	202	0.00	30.117	272	0.000	-100000.0
20111003 12:45	59.0	59.0	59.0	75	51.1	2	10	202	0.00	30.115	273	0.000	-100000.0
20111003 12:50	59.0	59.0	59.0	74	50.7	3	10	225	0.00	30.115	275	0.000	-100000.0
20111003 12:55	58.8	58.8	58.8	75	50.9	3	7	225	0.00	30.115	262	0.000	-100000.0
20111003 13:00	58.7	58.7	58.7	74	50.4	4	10	225	0.00	30.115	227	0.005	-100000.0
20111003 13:05	58.7	58.7	58.7	74	50.4	2	6	270	0.00	30.115	240	0.000	-100000.0
20111003 13:10	58.6	58.6	58.6	75	50.7	2	9	270	0.00	30.115	270	0.000	-100000.0
20111003 13:15	59.0	59.0	59.0	75	51.1	1	5	225	0.00	30.114	330	0.000	-100000.0
20111003 13:20	59.3	59.3	59.3	73	50.6	0	4	225	0.00	30.114	317	0.000	-100000.0
20111003 13:25	59.5	59.5	59.5	73	50.8	1	7	158	0.00	30.114	295	0.000	-100000.0
20111003 13:30	59.8	59.8	59.8	71	50.4	1	6	158	0.00	30.109	275	0.000	-100000.0
20111003 13:35	59.7	59.7	59.7	72	50.7	2	5	158	0.00	30.109	282	0.000	-100000.0
20111003 13:40	59.7	59.7	59.7	71	50.3	2	5	158	0.00	30.109	295	0.000	-100000.0
20111003 13:45	60.1	60.1	60.1	70	50.3	0	4	202	0.00	30.101	284	0.000	-100000.0
20111003 13:50	60.2	60.2	60.2	69	50.0	1	3	180	0.00	30.101	297	0.000	-100000.0
20111003 13:55	60.3	60.3	60.3	70	50.5	1	3	135	0.00	30.101	285	0.000	-100000.0
20111003 14:00	60.3	60.3	60.3	69	50.1	1	4	112	0.00	30.101	263	0.006	-100000.0
20111003 14:05	60.0	60.0	60.0	70	50.2	1	4	112	0.00	30.101	234	0.000	-100000.0
20111003 14:10	59.6	59.6	59.6	70	49.8	1	5	135	0.00	30.101	224	0.000	-100000.0
20111003 14:15	59.7	59.7	59.7	70	49.9	1	3	135	0.00	30.101	231	0.000	-100000.0
20111003 14:20	60.0	60.0	60.0	68	49.4	0	3	135	0.00	30.101	226	0.000	-100000.0
20111003 14:25	60.1	60.1	60.1	69	49.9	0	1	135	0.00	30.101	218	0.000	-100000.0
20111003 14:30	60.0	60.0	60.0	70	50.2	1	5	135	0.00	30.095	227	0.000	-100000.0
20111003 14:35	59.9	59.9	59.9	71	50.5	1	5	135	0.00	30.095	236	0.000	-100000.0
20111003 14:40	59.6	59.6	59.6	71	50.2	2	5	112	0.00	30.095	275	0.000	-100000.0
20111003 14:45	59.4	59.4	59.4	71	50.0	2	5	112	0.00	30.095	310	0.000	-100000.0
20111003 14:50	59.5	59.5	59.5	71	50.1	2	6	112	0.00	30.095	322	0.000	-100000.0
20111003 14:55	59.9	59.9	59.9	72	50.8	1	4	135	0.00	30.095	392	0.000	-100000.0
20111003 15:00	61.3	61.3	61.3	71	51.8	0	1	112	0.00	30.087	616	0.007	-100000.0
20111003 15:05	62.6	62.6	62.6	67	51.5	1	5	158	0.00	30.087	527	0.000	-100000.0
20111003 15:10	63.5	63.5	63.5	66	51.9	0	3	158	0.00	30.087	512	0.000	-100000.0
20111003 15:15	62.9	62.9	62.9	64	50.5	1	5	270	0.00	30.093	495	0.000	-100000.0
20111003 15:20	62.7	62.7	62.7	67	51.6	2	6	158	0.00	30.093	472	0.000	-100000.0
20111003 15:25	62.7	62.7	62.7	66	51.2	1	6	158	0.00	30.093	463	0.000	-100000.0
20111003 15:30	63.0	63.0	63.0	66	51.5	2	7	158	0.00	30.095	443	0.000	-100000.0
20111003 15:35	62.9	62.9	62.9	65	50.9	2	7	135	0.00	30.095	427	0.000	-100000.0
20111003 15:40	63.4	63.4	63.4	64	51.0	1	3	180	0.00	30.095	398	0.000	-100000.0
20111003 15:45	63.1	63.1	63.1	64	50.7	2	7	158	0.00	30.084	404	0.000	-100000.0
20111003 15:50	63.4	63.4	63.4	62	50.1	2	6	225	0.00	30.084	392	0.000	-100000.0
20111003 15:55	63.7	63.7	63.7	60	49.5	2	5	225	0.00	30.084	388	0.000	-100000.0
20111003 16:00	62.9	62.9	62.9	59	48.3	2	7	180	0.00	30.083	374	0.010	-100000.0
20111003 16:05	62.7	62.7	62.7	61	49.1	1	6	158	0.00	30.083	354	0.000	-100000.0
20111003 16:10	63.5	63.5	63.5	60	49.4	1	6	225	0.00	30.083	344	0.000	-100000.0
20111003 16:15	64.1	64.1	64.1	59	49.5	1	6	225	0.00	30.083	330	0.000	-100000.0
20111003 16:20	64.1	64.1	64.1	58	49.0	2	6	225	0.00	30.083	318	0.000	-100000.0
20111003 16:25	64.1	64.1	64.1	60	49.9	1	7	225	0.00	30.083	304	0.000	-100000.0
20111003 16:30	64.0	64.0	64.0	59	49.4	1	7	202	0.00	30.084	122	0.000	-100000.0
20111003 16:35	63.4	63.4	63.4	60	49.3	1	6	202	0.00	30.084	110	0.000	-100000.0
20111003 16:40	63.0	63.0	63.0	60	48.9	1	7	225	0.00	30.084	185	0.000	-100000.0
20111003 16:45	62.9	62.9	62.9	60	48.8	1	6	202	0.00	30.088	82	0.000	-100000.0
20111003 16:50	63.0	63.0	63.0	60	48.9	1	5	180	0.00	30.088	244	0.000	-100000.0
20111003 16:55	63.7	63.7	63.7	59	49.1	0	3	180	0.00	30.088	229	0.000	-100000.0
20111003 17:00	64.3	64.3	64.3	58	49.2	0	3	180	0.00	30.080	218	0.006	-100000.0
20111003 17:05	64.7	64.7	64.7	57	49.1	0	1	180	0.00	30.080	196	0.000	-100000.0
20111003 17:10	64.6	64.6	64.6	58	49.5	0	1	180	0.00	30.080	161	0.000	-100000.0
20111003 17:15	63.8	63.8	63.8	60	49.6	1	3	180	0.00	30.067	152	0.000	-100000.0
20111003 17:20	63.8	63.8	63.8	60	49.6	0	1	180	0.00	30.067	138	0.000	-100000.0
20111003 17:25	64.0	64.0	64.0	60	49.8	0	1	180	0.00	30.067	128	0.000	-100000.0
20111003 17:30	63.5	63.5	63.5	62	50.2	0	2	180	0.00	30.067	110	0.000	-100000.0
20111003 17:35	63.1	63.1	63.1	63	50.3	0	1	180	0.00	30.067	82	0.000	-100000.0
20111003 17:40	62.7	62.7	62.7	63	49.9	0	1	180	0.00	30.067	81	0.000	-100000.0
20111003 17:45	62.1	62.1	62.1	64	49.8	0	1	180	0.00	30.066	68	0.000	-100000.0
20111003 17:50	61.6	61.6	61.6	64	49.3	0	1	180	0.00	30.066	57	0.000	-100000.0
20111003 17:55	61.4	61.4	61.4	66	49.9	0	1	180	0.00	30.066	49	0.000	-100000.0
20111003 18:00	61.1	61.1	61.1	66	49.7	0	1	180	0.00	30.082	49	0.003	-100000.0
20111003 18:05	61.0	61.0	61.0	66	49.6	0	0	-100000	0.00	30.082	45	0.000	-100000.0
20111003 18:10	60.9	60.9	60.9	68	50.3	0	1	180	0.00	30.082	31	0.000	-100000.0
20111003 18:15	60.9	60.9	60.9	67	49.9	1	4	180	0.00	30.099	19	0.000	-100000.0
20111003 18:20	60.8	60.8	60.8	68	50.2	0	1	180	0.00	30.099	11	0.000	-100000.0
20111003 18:25	60.7	60.7	60.7	68	50.1	1	4	180	0.00	30.099	6	0.000	-100000.0
20111003 18:30	60.7	60.7	60.7	70	50.9	1	3	180	0.00	30.104	0	0.000	-100000.0
20111003 18:35	60.5	60.5	60.5	71	51.0	0	3	180	0.00	30.104	0	0.000	-100000.0
20111003 18:40	60.5	60.5	60.5	74	52.2	0	0	-100000	0.00	30.104	0	0.000	-100000.0
20111003 18:45	60.0	60.0	60.0	76	52.4	0	0	-100000	0.00	30.099	0	0.000	-100000.0
20111003 18:50	59.2	59.2	59.2	78	52.3	0	0	-100000	0.00	30.099	0	0.000	-100000.0
20111003 18:55	59.0	59.0	59.0	79	52.5	0	1	180	0.00	30.099	0	0.000	-100000.0
20111003 19:00	58.6	58.6	58.6	81	52.8	0	1	180	0.00	30.091	0	0.000	-100000.0
20111003 19:05	58.2	58.2	58.2	81	52.4	0	1	180	0.00	30.091	0	0.000	-100000.0
20111003 19:10	57.9	57.9	57.9	81	52.1	0	1	180	0.00	30.091	0	0.000	-100000.0
20111003 19:15	57.6	57.6	57.6	82	52.1	0	1	180	0.00	30.082	0	0.000	-100000.0
20111003 19:20	57.2	57.2	57.2	84	52.4	0	1	180	0.00	30.082	0	0.000	-100000.0
20111003 19:25	57.0	57.0	57.0	85	52.5	0	1	180	0.00	30.082	0	0.000	-100000.0
20111003 19:30	56.8	56.8	56.8	86	52.7	0	1	180	0.00	30.084	0	0.000	-100000.0
20111003 19:35	56.6	56.6	56.6	87	52.8	0	1	180	0.00	30.084	0	0.000	-100000.0
20111003 19:40	56.4	56.4	56.4	88	52.9	0	0	-100000	0.00	30.084	0	0.000	-100000.0
20111003 19:45	56.2	56.2	56.2	88	52.7	0	0	-100000	0.00	30.091	0	0.000	-100000.0
20111003 19:50	56.0	56.0	56.0	89	52.8	0	1	180	0.00	30.091	0	0.000	-100000.0
20111003 19:55	55.9	55.9	55.9	89	52.7	0	0	-100000	0.00	30.091	0	0.000	-100000.0
20111003 20:00	55.8	55.8	55.8	90	52.9	0	1	180	0.00	30.099	0	0.000	-100000.0
20111003 20:05	55.8	55.8	55.8	90	52.9	0	0	-100000	0.00	30.099	0	0.000	-100000.0
20111003 20:10	55.7	55.7	55.7	90	52.8	0	0	-100000	0.00	30.099	0	0.000	-100000.0
20111003 20:15	55.6	55.6	55.6	91	53.0	0	0	-100000	0.00	30.095	0	0.000	-100000.0
20111003 20:20	55.4	55.4	55.4	91	52.8	0	1	180	0.00	30.095	0	0.000	-100000.0
20111003 20:25	55.3	55.3	55.3	91	52.7	0	0	-100000	0.00	30.095	0	0.000	-100000.0
20111003 20:30	55.2	55.2	55.2	92	52.9	0	0	-100000	0.00	30.093	0	0.000	-100000.0
20111003 20:35	55.2	55.2	55.2	92	52.9	0	1	180	0.00	30.093	0	0.000	-100000.0
20111003 20:40	55.2	55.2	55.2	92	52.9	0	2	180	0.00	30.093	0	0.000	-100000.0
20111003 20:45	55.1	55.1	55.1	92	52.8	0	1	180	0.00	30.095	0	0.000	-100000.0
20111003 20:50	55.1	55.1	55.1	92	52.8	0	1	180	0.00	30.095	0	0.000	-100000.0
20111003 20:55	55.1	55.1	55.1	92	52.8	0	0	-100000	0.00	30.095	0	0.000	-100000.0
20111003 21:00	55.1	55.1	55.1	93	53.1	0	1	180	0.00	30.092	0	0.000	-100000.0
20111003 21:05	55.0	55.0	55.0	93	53.0	0	0	-100000	0.00	30.092	0	0.000	-100000.0
20111003 21:10	54.9	54.9	54.9	92	52.6	0	1	180	0.00	30.092	0	0.000	-100000.0
20111003 21:15	55.0	55.0	55.0	93	53.0	0	1	180	0.00	30.093	0	0.000	-100000.0
20111003 21:20	55.1	55.1	55.1	93	53.1	0	1	180	0.00	30.093	0	0.000	-100000.0
20111003 21:25	55.0	55.0	55.0	93	53.0	0	1	180	0.00	30.093	0	0.000	-100000.0
20111003 21:30	55.0	55.0	55.0	93	53.0	0	1	180	0.00	30.086	0	0.000	-100000.0
20111003 21:35	55.0	55.0	55.0	93	53.0	0	1	180	0.00	30.086	0	0.000	-100000.0
20111003 21:40	54.8	54.8	54.8	93	52.8	0	3	180	0.00	30.086	0	0.000	-100000.0
20111003 21:45	54.8	54.8	54.8	93	52.8	0	1	180	0.00	30.085	0	0.000	-100000.0
20111003 21:50	54.8	54.8	54.8	93	52.8	0	1	180	0.00	30.085	0	0.000	-100000.0
20111003 21:55	54.8	54.8	54.8	93	52.8	0	0	-100000	0.00	30.085	0	0.000	-100000.0
20111003 22:00	54.6	54.6	54.6	93	52.6	0	1	180	0.00	30.084	0	0.000	-100000.0
20111003 22:05	54.5	54.5	54.5	93	52.5	0	1	180	0.00	30.084	0	0.000	-100000.0
20111003 22:10	54.3	54.3	54.3	93	52.3	0	2	180	0.00	30.084	0	0.000	-100000.0
20111003 22:15	54.2	54.2	54.2	93	52.2	0	1	180	0.00	30.086	0	0.000	-100000.0
20111003 22:20	54.2	54.2	54.2	93	52.2	0	0	-100000	0.00	30.086	0	0.000	-100000.0
20111003 22:25	54.2	54.2	54.2	94	52.5	0	0	-100000	0.00	30.086	0	0.000	-100000.0
20111003 22:30	54.2	54.2	54.2	94	52.5	0	0	-100000	0.00	30.093	0	0.000	-100000.0
20111003 22:35	54.2	54.2	54.2	94	52.5	0	0	-100000	0.00	30.093	0	0.000	-100000.0
20111003 22:40	54.3	54.3	54.3	94	52.6	0	0	-100000	0.00	30.093	0	0.000	-100000.0
20111003 22:45	54.3	54.3	54.3	94	52.6	0	0	-100000	0.00	30.092	0	0.000	-100000.0
20111003 22:50	54.3	54.3	54.3	94	52.6	0	0	-100000	0.00	30.092	0	0.000	-100000.0
20111003 22:55	54.4	54.4	54.4	94	52.7	0	0	-100000	0.00	30.092	0	0.000	-100000.0
20111003 23:00	54.6	54.6	54.6	94	52.9	0	1	180	0.00	30.097	0	0.000	-100000.0
20111003 23:05	54.6	54.6	54.6	94	52.9	0	1	180	0.00	30.097	0	0.000	-100000.0
20111003 23:10	54.5	54.5	54.5	94	52.8	0	0	-100000	0.00	30.097	0	0.000	-100000.0
20111003 23:15	54.6	54.6	54.6	94	52.9	0	0	-100000	0.01	30.099	0	0.000	-100000.0
20111003 23:20	54.7	54.7	54.7	94	53.0	0	0	-100000	0.00	30.099	0	0.000	-100000.0
20111003 23:25	54.5	54.5	54.5	94	52.8	0	1	180	0.01	30.099	0	0.000	-100000.0
20111003 23:30	54.4	54.4	54.4	94	52.7	0	0	-100000	0.00	30.093	0	0.000	-100000.0
20111003 23:35	54.3	54.3	54.3	95	52.9	0	1	180	0.01	30.093	0	0.000	-100000.0
20111003 23:40	54.1	54.1	54.1	95	52.7	0	1	180	0.00	30.093	0	0.000	-100000.0
20111003 23:45	54.1	54.1	54.1	95	52.7	0	1	180	0.00	30.094	0	0.000	-100000.0
20111003 23:50	54.2	54.2	54.2	95	52.8	0	1	180	0.01	30.094	0	0.000	-100000.0
20111003 23:55	54.1	54.1	54.1	95	52.7	0	3	180	0.00	30.094	0	0.000	-100000.0
