--Timestamp---	Temp	Chill	HIndex	Humid	Dewpt	 Wind 	HiWind	WindDir	Rain 	Barom	Solar	 ET  	 UV 
--------------	----	-----	------	-----	-----	------	------	-------	-----	-----	-----	-----	----
20080430 00:00	43.9	43.9	43.9	61	31.3	1	3	292	0.00	29.906	0	0.002	-100000.0
20080430 00:05	43.5	43.5	43.5	64	32.1	1	3	0	0.00	29.906	0	0.000	-100000.0
20080430 00:10	43.7	40.8	43.7	64	32.3	5	19	22	0.00	29.906	0	0.000	-100000.0
20080430 00:15	43.5	43.5	43.5	64	32.1	2	6	0	0.00	29.904	0	0.000	-100000.0
20080430 00:20	43.0	43.0	43.0	66	32.4	0	2	315	0.00	29.904	0	0.000	-100000.0
20080430 00:25	42.6	42.6	42.6	67	32.4	1	2	45	0.00	29.904	0	0.000	-100000.0
20080430 00:30	42.2	42.2	42.2	67	32.0	1	2	22	0.00	29.905	0	0.000	-100000.0
20080430 00:35	42.4	42.4	42.4	66	31.9	2	5	0	0.00	29.905	0	0.000	-100000.0
20080430 00:40	42.2	42.2	42.2	66	31.7	1	2	22	0.00	29.905	0	0.000	-100000.0
20080430 00:45	42.3	42.3	42.3	63	30.6	2	3	22	0.00	29.905	0	0.000	-100000.0
20080430 00:50	42.2	42.2	42.2	65	31.3	2	6	0	0.00	29.905	0	0.000	-100000.0
20080430 00:55	42.4	42.4	42.4	62	30.3	2	6	0	0.00	29.905	0	0.000	-100000.0
20080430 01:00	42.5	42.5	42.5	61	30.0	1	4	0	0.00	29.906	0	0.001	-100000.0
20080430 01:05	42.5	42.5	42.5	61	30.0	0	3	0	0.00	29.906	0	0.000	-100000.0
20080430 01:10	43.0	43.0	43.0	58	29.2	1	4	0	0.00	29.906	0	0.000	-100000.0
20080430 01:15	43.2	43.2	43.2	57	29.0	1	3	0	0.00	29.921	0	0.000	-100000.0
20080430 01:20	43.2	43.2	43.2	57	29.0	1	3	248	0.00	29.921	0	0.000	-100000.0
20080430 01:25	43.1	43.1	43.1	56	28.5	0	2	292	0.00	29.921	0	0.000	-100000.0
20080430 01:30	43.1	43.1	43.1	57	28.9	0	1	338	0.00	29.927	0	0.000	-100000.0
20080430 01:35	43.0	43.0	43.0	57	28.8	0	1	338	0.00	29.927	0	0.000	-100000.0
20080430 01:40	42.7	42.7	42.7	57	28.5	0	1	45	0.00	29.927	0	0.000	-100000.0
20080430 01:45	42.5	42.5	42.5	58	28.8	0	2	248	0.00	29.930	0	0.000	-100000.0
20080430 01:50	42.4	42.4	42.4	59	29.1	0	2	135	0.00	29.930	0	0.000	-100000.0
20080430 01:55	42.1	42.1	42.1	60	29.2	2	4	135	0.00	29.930	0	0.000	-100000.0
20080430 02:00	42.1	42.1	42.1	57	28.0	2	6	315	0.00	29.930	0	0.001	-100000.0
20080430 02:05	42.2	42.2	42.2	57	28.1	1	3	292	0.00	29.930	0	0.000	-100000.0
20080430 02:10	42.3	42.3	42.3	55	27.3	1	4	180	0.00	29.930	0	0.000	-100000.0
20080430 02:15	42.8	39.1	42.8	49	25.0	6	15	270	0.00	29.925	0	0.000	-100000.0
20080430 02:20	43.2	43.2	43.2	51	26.3	3	9	270	0.00	29.925	0	0.000	-100000.0
20080430 02:25	42.6	42.6	42.6	52	26.2	1	3	338	0.00	29.925	0	0.000	-100000.0
20080430 02:30	42.3	42.3	42.3	56	27.7	1	3	248	0.00	29.934	0	0.000	-100000.0
20080430 02:35	41.8	41.8	41.8	57	27.7	0	0	-100000	0.00	29.934	0	0.000	-100000.0
20080430 02:40	41.1	41.1	41.1	59	27.9	1	4	135	0.00	29.934	0	0.000	-100000.0
20080430 02:45	40.5	40.5	40.5	61	28.1	0	0	-100000	0.00	29.935	0	0.000	-100000.0
20080430 02:50	39.9	39.9	39.9	59	26.7	0	2	315	0.00	29.935	0	0.000	-100000.0
20080430 02:55	40.1	40.1	40.1	58	26.5	0	2	270	0.00	29.935	0	0.000	-100000.0
20080430 03:00	41.1	41.1	41.1	58	27.5	2	5	270	0.00	29.929	0	0.001	-100000.0
20080430 03:05	41.0	41.0	41.0	56	26.5	0	2	270	0.00	29.929	0	0.000	-100000.0
20080430 03:10	41.1	41.1	41.1	55	26.2	2	4	270	0.00	29.929	0	0.000	-100000.0
20080430 03:15	41.3	41.3	41.3	54	25.9	2	5	248	0.00	29.940	0	0.000	-100000.0
20080430 03:20	41.3	41.3	41.3	54	25.9	2	5	270	0.00	29.940	0	0.000	-100000.0
20080430 03:25	41.1	41.1	41.1	55	26.2	2	5	270	0.00	29.940	0	0.000	-100000.0
20080430 03:30	41.1	41.1	41.1	55	26.2	3	9	270	0.00	29.937	0	0.000	-100000.0
20080430 03:35	40.9	38.4	40.9	55	26.0	4	10	292	0.00	29.937	0	0.000	-100000.0
20080430 03:40	40.7	40.7	40.7	57	26.7	3	9	270	0.00	29.937	0	0.000	-100000.0
20080430 03:45	40.7	40.7	40.7	56	26.2	3	6	270	0.00	29.949	0	0.000	-100000.0
20080430 03:50	40.6	40.6	40.6	57	26.6	2	6	225	0.00	29.949	0	0.000	-100000.0
20080430 03:55	40.4	40.4	40.4	58	26.8	2	5	270	0.00	29.949	0	0.000	-100000.0
20080430 04:00	40.6	40.6	40.6	58	27.0	3	6	270	0.00	29.943	0	0.001	-100000.0
20080430 04:05	40.5	40.5	40.5	58	26.9	1	4	225	0.00	29.943	0	0.000	-100000.0
20080430 04:10	40.3	40.3	40.3	58	26.7	0	2	248	0.00	29.943	0	0.000	-100000.0
20080430 04:15	40.0	40.0	40.0	62	28.0	0	2	270	0.00	29.953	0	0.000	-100000.0
20080430 04:20	39.5	39.5	39.5	61	27.2	0	0	-100000	0.00	29.953	0	0.000	-100000.0
20080430 04:25	38.9	38.9	38.9	62	27.0	0	0	-100000	0.00	29.953	0	0.000	-100000.0
20080430 04:30	38.5	38.5	38.5	63	27.0	0	1	315	0.00	29.952	0	0.000	-100000.0
20080430 04:35	38.1	38.1	38.1	64	27.0	0	1	315	0.00	29.952	0	0.000	-100000.0
20080430 04:40	38.4	38.4	38.4	64	27.3	0	1	202	0.00	29.952	0	0.000	-100000.0
20080430 04:45	38.6	38.6	38.6	65	27.9	0	0	-100000	0.00	29.964	0	0.000	-100000.0
20080430 04:50	38.6	38.6	38.6	66	28.2	0	2	180	0.00	29.964	0	0.000	-100000.0
20080430 04:55	38.6	38.6	38.6	65	27.9	0	1	158	0.00	29.964	0	0.000	-100000.0
20080430 05:00	38.6	38.6	38.6	66	28.2	0	1	158	0.00	29.960	0	0.001	-100000.0
20080430 05:05	38.6	38.6	38.6	64	27.5	0	2	158	0.00	29.960	0	0.000	-100000.0
20080430 05:10	38.4	38.4	38.4	66	28.0	0	1	180	0.00	29.960	0	0.000	-100000.0
20080430 05:15	38.2	38.2	38.2	67	28.2	0	1	180	0.00	29.969	0	0.000	-100000.0
20080430 05:20	38.3	38.3	38.3	69	29.0	1	3	180	0.00	29.969	0	0.000	-100000.0
20080430 05:25	36.8	36.8	36.8	72	28.6	1	2	315	0.00	29.969	0	0.000	-100000.0
20080430 05:30	35.6	35.6	35.6	73	27.8	0	1	338	0.00	29.975	0	0.000	-100000.0
20080430 05:35	35.3	35.3	35.3	74	27.9	0	2	315	0.00	29.975	0	0.000	-100000.0
20080430 05:40	35.8	35.8	35.8	73	28.0	0	1	292	0.00	29.975	0	0.000	-100000.0
20080430 05:45	36.4	36.4	36.4	71	27.9	0	1	292	0.00	29.985	0	0.000	-100000.0
20080430 05:50	36.5	36.5	36.5	71	28.0	0	1	270	0.00	29.985	6	0.000	-100000.0
20080430 05:55	36.8	36.8	36.8	70	27.9	0	1	270	0.00	29.985	9	0.000	-100000.0
20080430 06:00	36.7	36.7	36.7	72	28.5	0	0	-100000	0.00	29.992	13	0.000	-100000.0
20080430 06:05	36.5	36.5	36.5	71	28.0	0	0	-100000	0.00	29.992	18	0.000	-100000.0
20080430 06:10	36.6	36.6	36.6	71	28.1	0	1	270	0.00	29.992	22	0.000	-100000.0
20080430 06:15	36.5	36.5	36.5	73	28.7	0	0	-100000	0.00	30.001	26	0.000	-100000.0
20080430 06:20	36.1	36.1	36.1	75	29.0	0	1	248	0.00	30.001	32	0.000	-100000.0
20080430 06:25	35.6	35.6	35.6	77	29.1	0	0	-100000	0.00	30.001	33	0.000	-100000.0
20080430 06:30	35.0	35.0	35.0	78	28.8	0	0	-100000	0.00	30.015	27	0.000	-100000.0
20080430 06:35	35.0	35.0	35.0	78	28.8	0	1	135	0.00	30.015	54	0.000	-100000.0
20080430 06:40	35.2	35.2	35.2	79	29.4	0	1	135	0.00	30.015	69	0.000	-100000.0
20080430 06:45	35.7	35.7	35.7	76	28.9	0	2	248	0.00	30.019	81	0.000	-100000.0
20080430 06:50	36.5	36.5	36.5	73	28.7	1	4	248	0.00	30.019	94	0.000	-100000.0
20080430 06:55	37.3	37.3	37.3	72	29.1	0	1	338	0.00	30.019	108	0.000	-100000.0
20080430 07:00	37.8	37.8	37.8	71	29.3	0	1	0	0.00	30.030	124	0.001	-100000.0
20080430 07:05	38.2	38.2	38.2	71	29.6	0	1	338	0.00	30.030	138	0.000	-100000.0
20080430 07:10	38.4	38.4	38.4	71	29.8	0	0	-100000	0.00	30.030	155	0.000	-100000.0
20080430 07:15	38.7	38.7	38.7	71	30.1	0	0	-100000	0.00	30.037	172	0.000	-100000.0
20080430 07:20	39.3	39.3	39.3	69	30.0	0	0	-100000	0.00	30.037	189	0.000	-100000.0
20080430 07:25	40.4	40.4	40.4	67	30.3	0	1	22	0.00	30.037	206	0.000	-100000.0
20080430 07:30	40.4	40.4	40.4	66	30.0	0	1	338	0.00	30.046	124	0.000	-100000.0
20080430 07:35	40.1	40.1	40.1	67	30.0	0	2	248	0.00	30.046	63	0.000	-100000.0
20080430 07:40	40.3	40.3	40.3	67	30.2	0	4	248	0.00	30.046	257	0.000	-100000.0
20080430 07:45	40.4	40.4	40.4	66	30.0	3	5	270	0.00	30.046	271	0.000	-100000.0
20080430 07:50	40.6	40.6	40.6	64	29.4	3	4	270	0.00	30.046	286	0.000	-100000.0
20080430 07:55	41.0	41.0	41.0	65	30.1	2	5	292	0.00	30.046	255	0.000	-100000.0
20080430 08:00	41.3	41.3	41.3	63	29.7	3	6	270	0.00	30.055	204	0.003	-100000.0
20080430 08:05	41.4	41.4	41.4	62	29.4	3	5	270	0.00	30.055	343	0.000	-100000.0
20080430 08:10	41.5	39.1	41.5	60	28.7	4	6	270	0.00	30.055	360	0.000	-100000.0
20080430 08:15	41.7	41.7	41.7	61	29.3	3	4	270	0.00	30.061	375	0.000	-100000.0
20080430 08:20	41.8	39.4	41.8	60	28.9	4	9	270	0.00	30.061	395	0.000	-100000.0
20080430 08:25	41.9	39.5	41.9	59	28.6	4	7	270	0.00	30.061	410	0.000	-100000.0
20080430 08:30	42.3	42.3	42.3	60	29.4	2	5	270	0.00	30.063	431	0.000	-100000.0
20080430 08:35	42.7	42.7	42.7	59	29.4	3	6	270	0.00	30.063	460	0.000	-100000.0
20080430 08:40	43.0	43.0	43.0	56	28.4	3	6	270	0.00	30.063	481	0.000	-100000.0
20080430 08:45	43.4	43.4	43.4	55	28.3	2	5	225	0.00	30.066	533	0.000	-100000.0
20080430 08:50	43.5	43.5	43.5	54	28.0	2	6	338	0.00	30.066	527	0.000	-100000.0
20080430 08:55	43.7	43.7	43.7	52	27.2	3	9	248	0.00	30.066	604	0.000	-100000.0
20080430 09:00	43.8	43.8	43.8	54	28.3	2	5	270	0.00	30.076	537	0.008	-100000.0
20080430 09:05	44.2	44.2	44.2	53	28.2	2	5	292	0.00	30.076	409	0.000	-100000.0
20080430 09:10	44.5	44.5	44.5	53	28.4	2	8	270	0.00	30.076	566	0.000	-100000.0
20080430 09:15	44.5	44.5	44.5	52	28.0	1	4	248	0.00	30.077	225	0.000	-100000.0
20080430 09:20	44.1	42.1	44.1	52	27.6	4	10	270	0.00	30.077	392	0.000	-100000.0
20080430 09:25	43.7	40.8	43.7	52	27.2	5	12	270	0.00	30.077	220	0.000	-100000.0
20080430 09:30	43.5	40.6	43.5	50	26.1	5	13	292	0.00	30.084	187	0.000	-100000.0
20080430 09:35	43.8	39.7	43.8	45	23.9	7	13	338	0.00	30.084	245	0.000	-100000.0
20080430 09:40	44.5	40.1	44.5	44	24.0	8	15	338	0.00	30.084	701	0.000	-100000.0
20080430 09:45	45.0	42.3	45.0	42	23.3	5	10	0	0.00	30.085	726	0.000	-100000.0
20080430 09:50	45.6	43.8	45.6	42	23.8	4	9	338	0.00	30.085	732	0.000	-100000.0
20080430 09:55	45.7	41.5	45.7	43	24.5	8	13	338	0.00	30.085	758	0.000	-100000.0
20080430 10:00	45.6	43.0	45.6	42	23.8	5	12	0	0.00	30.092	605	0.010	-100000.0
20080430 10:05	45.2	40.9	45.2	41	22.9	8	17	338	0.01	30.092	307	0.000	-100000.0
20080430 10:10	44.8	41.5	44.8	43	23.7	6	15	292	0.00	30.092	328	0.000	-100000.0
20080430 10:15	44.9	41.6	44.9	43	23.8	6	12	315	0.00	30.092	301	0.000	-100000.0
20080430 10:20	45.1	40.8	45.1	41	22.8	8	18	292	0.00	30.092	751	0.000	-100000.0
20080430 10:25	46.3	44.6	46.3	42	24.5	4	13	338	0.00	30.092	933	0.000	-100000.0
20080430 10:30	46.2	42.1	46.2	41	23.8	8	15	270	0.00	30.102	674	0.000	-100000.0
20080430 10:35	46.1	44.4	46.1	41	23.7	4	11	22	0.00	30.102	346	0.000	-100000.0
20080430 10:40	46.0	43.5	46.0	43	24.8	5	9	315	0.00	30.102	256	0.000	-100000.0
20080430 10:45	45.8	41.2	45.8	39	22.3	9	17	270	0.00	30.102	551	0.000	-100000.0
20080430 10:50	46.7	43.7	46.7	41	24.3	6	13	315	0.00	30.102	999	0.000	-100000.0
20080430 10:55	46.5	43.0	46.5	39	22.9	7	12	292	0.00	30.102	1049	0.000	-100000.0
20080430 11:00	46.2	42.1	46.2	41	23.8	8	17	270	0.00	30.102	712	0.013	-100000.0
20080430 11:05	46.5	44.1	46.5	41	24.1	5	11	338	0.00	30.102	385	0.000	-100000.0
20080430 11:10	46.4	42.9	46.4	39	22.8	7	15	315	0.00	30.102	484	0.000	-100000.0
20080430 11:15	46.5	43.5	46.5	39	22.9	6	11	338	0.00	30.096	358	0.000	-100000.0
20080430 11:20	46.0	41.9	46.0	39	22.4	8	15	270	0.00	30.096	305	0.000	-100000.0
20080430 11:25	46.3	42.7	46.3	41	23.9	7	14	0	0.00	30.096	645	0.000	-100000.0
20080430 11:30	46.3	42.3	46.3	41	23.9	8	14	338	0.00	30.093	395	0.000	-100000.0
20080430 11:35	46.2	42.6	46.2	42	24.4	7	15	315	0.00	30.093	371	0.000	-100000.0
20080430 11:40	46.2	42.6	46.2	39	22.6	7	14	338	0.00	30.093	618	0.000	-100000.0
20080430 11:45	46.5	44.1	46.5	40	23.5	5	13	315	0.00	30.092	769	0.000	-100000.0
20080430 11:50	47.4	44.1	47.4	35	21.1	7	13	338	0.00	30.092	999	0.000	-100000.0
20080430 11:55	47.3	43.5	47.3	38	23.0	8	16	0	0.00	30.092	856	0.000	-100000.0
20080430 12:00	47.1	44.8	47.1	38	22.8	5	10	338	0.00	30.090	360	0.013	-100000.0
20080430 12:05	46.9	42.6	46.9	39	23.3	9	18	292	0.00	30.090	310	0.000	-100000.0
20080430 12:10	47.2	44.9	47.2	39	23.5	5	10	292	0.00	30.090	916	0.000	-100000.0
20080430 12:15	47.4	44.1	47.4	36	21.8	7	12	270	0.00	30.085	1146	0.000	-100000.0
20080430 12:20	48.3	45.6	48.3	36	22.6	6	12	292	0.00	30.085	1203	0.000	-100000.0
20080430 12:25	48.1	44.0	48.1	35	21.8	9	17	292	0.00	30.085	808	0.000	-100000.0
20080430 12:30	47.9	44.2	47.9	37	22.9	8	17	315	0.00	30.087	437	0.000	-100000.0
20080430 12:35	47.7	44.9	47.7	36	22.1	6	12	0	0.00	30.087	396	0.000	-100000.0
20080430 12:40	47.9	44.7	47.9	36	22.2	7	24	338	0.00	30.087	424	0.000	-100000.0
20080430 12:45	47.9	43.4	47.9	36	22.2	10	24	292	0.00	30.089	559	0.000	-100000.0
20080430 12:50	48.1	45.4	48.1	37	23.1	6	11	270	0.00	30.089	510	0.000	-100000.0
20080430 12:55	48.2	44.6	48.2	38	23.8	8	23	292	0.00	30.089	396	0.000	-100000.0
20080430 13:00	47.7	43.2	47.7	37	22.7	10	19	270	0.00	30.088	387	0.014	-100000.0
20080430 13:05	47.5	43.7	47.5	35	21.2	8	15	270	0.00	30.088	340	0.000	-100000.0
20080430 13:10	47.6	42.7	47.6	35	21.3	11	18	270	0.00	30.088	1064	0.000	-100000.0
20080430 13:15	48.3	43.6	48.3	34	21.3	11	18	270	0.00	30.085	1066	0.000	-100000.0
20080430 13:20	48.6	43.7	48.6	32	20.1	12	19	270	0.00	30.085	1123	0.000	-100000.0
20080430 13:25	48.5	43.8	48.5	32	20.0	11	17	270	0.00	30.085	486	0.000	-100000.0
20080430 13:30	48.7	45.2	48.7	37	23.6	8	19	315	0.00	30.087	390	0.000	-100000.0
20080430 13:35	48.4	44.8	48.4	36	22.7	8	15	292	0.00	30.087	398	0.000	-100000.0
20080430 13:40	48.6	44.0	48.6	32	20.1	11	16	270	0.00	30.087	385	0.000	-100000.0
20080430 13:45	48.7	44.4	48.7	33	20.9	10	21	270	0.00	30.078	1067	0.000	-100000.0
20080430 13:50	49.4	46.0	49.4	33	21.5	8	13	292	0.00	30.078	1035	0.000	-100000.0
20080430 13:55	49.5	45.4	49.5	32	20.9	10	22	338	0.00	30.078	1044	0.000	-100000.0
20080430 14:00	49.2	46.2	49.2	33	21.3	7	13	315	0.00	30.091	313	0.017	-100000.0
20080430 14:05	48.9	46.4	48.9	35	22.5	6	12	315	0.00	30.091	591	0.000	-100000.0
20080430 14:10	49.5	45.1	49.5	34	22.3	11	18	270	0.00	30.091	1144	0.000	-100000.0
20080430 14:15	49.3	45.5	49.3	32	20.7	9	16	270	0.00	30.092	1119	0.000	-100000.0
20080430 14:20	49.6	46.7	49.6	33	21.7	7	16	270	0.00	30.092	625	0.000	-100000.0
20080430 14:25	49.2	46.2	49.2	36	23.4	7	11	270	0.00	30.092	343	0.000	-100000.0
20080430 14:30	48.5	43.8	48.5	39	24.7	11	20	315	0.00	30.092	746	0.000	-100000.0
20080430 14:35	48.4	44.1	48.4	39	24.6	10	18	315	0.00	30.092	815	0.000	-100000.0
20080430 14:40	48.8	44.9	48.8	38	24.3	9	14	0	0.00	30.092	921	0.000	-100000.0
20080430 14:45	49.4	45.6	49.4	40	26.1	9	19	292	0.00	30.092	891	0.000	-100000.0
20080430 14:50	48.7	43.5	48.7	33	20.9	13	22	270	0.00	30.092	883	0.000	-100000.0
20080430 14:55	48.8	44.5	48.8	34	21.7	10	18	270	0.00	30.092	882	0.000	-100000.0
20080430 15:00	49.1	46.1	49.1	35	22.6	7	14	292	0.00	30.092	742	0.018	-100000.0
20080430 15:05	48.9	45.9	48.9	37	23.8	7	13	338	0.00	30.092	329	0.000	-100000.0
20080430 15:10	48.3	44.7	48.3	36	22.6	8	15	338	0.00	30.092	272	0.000	-100000.0
20080430 15:15	48.2	45.0	48.2	36	22.5	7	13	292	0.00	30.093	327	0.000	-100000.0
20080430 15:20	48.9	46.9	48.9	37	23.8	5	15	338	0.00	30.093	847	0.000	-100000.0
20080430 15:25	48.8	46.8	48.8	37	23.7	5	15	0	0.00	30.093	274	0.000	-100000.0
20080430 15:30	48.2	45.5	48.2	36	22.5	6	15	270	0.00	30.092	240	0.000	-100000.0
20080430 15:35	48.1	44.9	48.1	36	22.4	7	13	0	0.00	30.092	234	0.000	-100000.0
20080430 15:40	47.8	44.1	47.8	35	21.5	8	13	338	0.00	30.092	248	0.000	-100000.0
20080430 15:45	47.7	44.4	47.7	36	22.1	7	11	338	0.00	30.092	302	0.000	-100000.0
20080430 15:50	48.3	48.3	48.3	36	22.6	3	9	0	0.00	30.092	360	0.000	-100000.0
20080430 15:55	48.6	47.3	48.6	35	22.2	4	9	270	0.00	30.092	300	0.000	-100000.0
20080430 16:00	48.5	47.1	48.5	38	24.1	4	7	338	0.00	30.092	266	0.008	-100000.0
20080430 16:05	48.6	45.5	48.6	37	23.5	7	13	0	0.00	30.092	286	0.000	-100000.0
20080430 16:10	49.2	46.7	49.2	36	23.4	6	15	270	0.00	30.092	782	0.000	-100000.0
20080430 16:15	49.3	45.9	49.3	33	21.4	8	14	270	0.00	30.092	556	0.000	-100000.0
20080430 16:20	49.2	46.7	49.2	34	22.0	6	16	292	0.00	30.092	674	0.000	-100000.0
20080430 16:25	49.2	46.7	49.2	32	20.6	6	11	292	0.00	30.092	356	0.000	-100000.0
20080430 16:30	49.1	49.1	49.1	35	22.6	3	6	315	0.00	30.092	228	0.000	-100000.0
20080430 16:35	49.2	47.9	49.2	33	21.3	4	11	315	0.00	30.092	200	0.000	-100000.0
20080430 16:40	48.8	46.8	48.8	33	21.0	5	9	338	0.00	30.092	177	0.000	-100000.0
20080430 16:45	48.8	46.8	48.8	34	21.7	5	10	315	0.00	30.093	164	0.000	-100000.0
20080430 16:50	48.6	46.6	48.6	35	22.2	5	10	338	0.00	30.093	152	0.000	-100000.0
20080430 16:55	48.7	47.4	48.7	35	22.3	4	10	315	0.00	30.093	160	0.000	-100000.0
20080430 17:00	48.5	46.5	48.5	34	21.4	5	13	0	0.00	30.098	153	0.008	-100000.0
20080430 17:05	48.5	47.1	48.5	34	21.4	4	11	0	0.00	30.098	172	0.000	-100000.0
20080430 17:10	48.8	47.5	48.8	34	21.7	4	10	292	0.00	30.098	246	0.000	-100000.0
20080430 17:15	48.8	46.2	48.8	34	21.7	6	11	315	0.00	30.107	270	0.000	-100000.0
20080430 17:20	49.2	46.2	49.2	33	21.3	7	18	0	0.00	30.107	430	0.000	-100000.0
20080430 17:25	49.8	46.5	49.8	33	21.9	8	15	270	0.00	30.107	538	0.000	-100000.0
20080430 17:30	49.2	45.8	49.2	33	21.3	8	15	270	0.00	30.109	240	0.000	-100000.0
20080430 17:35	48.8	46.2	48.8	34	21.7	6	12	270	0.00	30.109	163	0.000	-100000.0
20080430 17:40	48.6	46.6	48.6	34	21.5	5	10	270	0.00	30.109	143	0.000	-100000.0
20080430 17:45	48.8	48.8	48.8	33	21.0	3	10	338	0.00	30.111	123	0.000	-100000.0
20080430 17:50	48.8	47.5	48.8	34	21.7	4	7	338	0.00	30.111	142	0.000	-100000.0
20080430 17:55	49.1	49.1	49.1	32	20.5	3	6	338	0.00	30.111	257	0.000	-100000.0
20080430 18:00	50.2	50.2	50.2	33	22.2	4	11	0	0.00	30.117	402	0.007	-100000.0
20080430 18:05	50.2	50.2	50.2	33	22.2	10	18	270	0.00	30.117	356	0.000	-100000.0
20080430 18:10	50.1	50.1	50.1	32	21.4	8	16	338	0.00	30.117	302	0.000	-100000.0
20080430 18:15	49.9	47.1	49.9	32	21.2	7	12	292	0.00	30.120	261	0.000	-100000.0
20080430 18:20	49.9	47.5	49.9	32	21.2	6	13	270	0.00	30.120	236	0.000	-100000.0
20080430 18:25	50.3	50.3	50.3	31	20.8	4	9	315	0.00	30.120	211	0.000	-100000.0
20080430 18:30	50.1	50.1	50.1	30	19.9	5	12	315	0.00	30.119	162	0.000	-100000.0
20080430 18:35	49.3	47.4	49.3	30	19.2	5	10	292	0.00	30.119	63	0.000	-100000.0
20080430 18:40	49.0	47.7	49.0	32	20.4	4	9	338	0.00	30.119	90	0.000	-100000.0
20080430 18:45	49.1	47.2	49.1	31	19.8	5	12	315	0.00	30.124	136	0.000	-100000.0
20080430 18:50	49.2	47.9	49.2	31	19.9	4	8	338	0.00	30.124	111	0.000	-100000.0
20080430 18:55	49.2	49.2	49.2	32	20.6	3	6	338	0.00	30.124	83	0.000	-100000.0
20080430 19:00	48.8	47.5	48.8	32	20.3	4	6	0	0.00	30.129	47	0.006	-100000.0
20080430 19:05	48.5	48.5	48.5	32	20.0	3	7	338	0.00	30.129	48	0.000	-100000.0
20080430 19:10	48.4	48.4	48.4	33	20.6	3	7	0	0.00	30.129	47	0.000	-100000.0
20080430 19:15	48.2	48.2	48.2	34	21.2	3	7	338	0.00	30.137	35	0.000	-100000.0
20080430 19:20	47.9	47.9	47.9	35	21.6	2	6	0	0.00	30.137	37	0.000	-100000.0
20080430 19:25	47.8	46.3	47.8	36	22.2	4	7	0	0.00	30.137	33	0.000	-100000.0
20080430 19:30	47.6	46.1	47.6	36	22.0	4	9	0	0.00	30.139	23	0.000	-100000.0
20080430 19:35	47.4	47.4	47.4	36	21.8	2	7	338	0.00	30.139	17	0.000	-100000.0
20080430 19:40	47.2	47.2	47.2	36	21.6	2	4	338	0.00	30.139	13	0.000	-100000.0
20080430 19:45	46.9	46.9	46.9	37	22.0	1	3	315	0.00	30.143	9	0.000	-100000.0
20080430 19:50	46.7	46.7	46.7	38	22.5	1	3	315	0.00	30.143	6	0.000	-100000.0
20080430 19:55	46.5	46.5	46.5	38	22.3	0	2	0	0.00	30.143	0	0.000	-100000.0
20080430 20:00	46.1	46.1	46.1	39	22.5	0	2	338	0.00	30.145	0	0.002	-100000.0
20080430 20:05	45.9	45.9	45.9	40	23.0	0	1	338	0.00	30.145	0	0.000	-100000.0
20080430 20:10	45.6	45.6	45.6	39	22.1	0	2	0	0.00	30.145	0	0.000	-100000.0
20080430 20:15	45.6	45.6	45.6	41	23.3	0	1	0	0.00	30.151	0	0.000	-100000.0
20080430 20:20	45.5	45.5	45.5	41	23.2	0	1	45	0.00	30.151	0	0.000	-100000.0
20080430 20:25	45.4	45.4	45.4	41	23.1	0	0	-100000	0.00	30.151	0	0.000	-100000.0
20080430 20:30	45.1	45.1	45.1	42	23.4	0	1	22	0.00	30.155	0	0.000	-100000.0
20080430 20:35	45.0	45.0	45.0	42	23.3	0	1	22	0.00	30.155	0	0.000	-100000.0
20080430 20:40	44.8	44.8	44.8	42	23.1	0	1	22	0.00	30.155	0	0.000	-100000.0
20080430 20:45	44.7	44.7	44.7	42	23.0	0	1	45	0.00	30.161	0	0.000	-100000.0
20080430 20:50	44.2	44.2	44.2	42	22.6	0	1	45	0.00	30.161	0	0.000	-100000.0
20080430 20:55	43.7	43.7	43.7	44	23.2	0	0	-100000	0.00	30.161	0	0.000	-100000.0
20080430 21:00	43.4	43.4	43.4	43	22.4	0	1	45	0.00	30.169	0	0.001	-100000.0
20080430 21:05	43.2	43.2	43.2	44	22.8	0	0	-100000	0.00	30.169	0	0.000	-100000.0
20080430 21:10	42.9	42.9	42.9	44	22.5	0	0	-100000	0.00	30.169	0	0.000	-100000.0
20080430 21:15	42.6	42.6	42.6	47	23.8	0	0	-100000	0.00	30.175	0	0.000	-100000.0
20080430 21:20	42.2	42.2	42.2	46	22.9	0	1	22	0.00	30.175	0	0.000	-100000.0
20080430 21:25	42.2	42.2	42.2	46	22.9	0	1	22	0.00	30.175	0	0.000	-100000.0
20080430 21:30	41.8	41.8	41.8	48	23.6	0	1	68	0.00	30.175	0	0.000	-100000.0
20080430 21:35	41.4	41.4	41.4	49	23.7	0	1	90	0.00	30.175	0	0.000	-100000.0
20080430 21:40	41.5	41.5	41.5	48	23.3	0	1	90	0.00	30.175	0	0.000	-100000.0
20080430 21:45	41.4	41.4	41.4	49	23.7	0	1	90	0.00	30.186	0	0.000	-100000.0
20080430 21:50	40.6	40.6	40.6	56	26.1	0	1	225	0.00	30.186	0	0.000	-100000.0
20080430 21:55	39.9	39.9	39.9	54	24.6	0	0	-100000	0.00	30.186	0	0.000	-100000.0
20080430 22:00	39.2	39.2	39.2	56	24.8	0	0	-100000	0.00	30.187	0	0.001	-100000.0
20080430 22:05	38.9	38.9	38.9	59	25.8	0	0	-100000	0.00	30.187	0	0.000	-100000.0
20080430 22:10	38.8	38.8	38.8	58	25.3	0	1	135	0.00	30.187	0	0.000	-100000.0
20080430 22:15	38.9	38.9	38.9	58	25.4	0	0	-100000	0.00	30.189	0	0.000	-100000.0
20080430 22:20	38.9	38.9	38.9	57	25.0	0	0	-100000	0.00	30.189	0	0.000	-100000.0
20080430 22:25	38.7	38.7	38.7	64	27.6	0	0	-100000	0.00	30.189	0	0.000	-100000.0
20080430 22:30	37.8	37.8	37.8	66	27.5	0	1	158	0.00	30.187	0	0.000	-100000.0
20080430 22:35	37.3	37.3	37.3	67	27.4	0	1	225	0.00	30.187	0	0.000	-100000.0
20080430 22:40	37.0	37.0	37.0	67	27.1	0	1	225	0.00	30.187	0	0.000	-100000.0
20080430 22:45	36.8	36.8	36.8	68	27.2	0	0	-100000	0.00	30.191	0	0.000	-100000.0
20080430 22:50	36.5	36.5	36.5	69	27.3	0	0	-100000	0.00	30.191	0	0.000	-100000.0
20080430 22:55	36.1	36.1	36.1	70	27.3	0	0	-100000	0.00	30.191	0	0.000	-100000.0
20080430 23:00	36.0	36.0	36.0	71	27.5	0	0	-100000	0.00	30.190	0	0.001	-100000.0
20080430 23:05	35.9	35.9	35.9	72	27.8	0	0	-100000	0.00	30.190	0	0.000	-100000.0
20080430 23:10	35.8	35.8	35.8	73	28.0	0	0	-100000	0.00	30.190	0	0.000	-100000.0
20080430 23:15	35.5	35.5	35.5	73	27.7	0	0	-100000	0.00	30.200	0	0.000	-100000.0
20080430 23:20	35.2	35.2	35.2	74	27.8	0	0	-100000	0.00	30.200	0	0.000	-100000.0
20080430 23:25	34.9	34.9	34.9	74	27.5	0	0	-100000	0.00	30.200	0	0.000	-100000.0
20080430 23:30	34.7	34.7	34.7	74	27.3	0	0	-100000	0.00	30.202	0	0.000	-100000.0
20080430 23:35	34.5	34.5	34.5	75	27.4	0	0	-100000	0.00	30.202	0	0.000	-100000.0
20080430 23:40	34.4	34.4	34.4	76	27.6	0	0	-100000	0.00	30.202	0	0.000	-100000.0
20080430 23:45	34.4	34.4	34.4	76	27.6	0	0	-100000	0.00	30.205	0	0.000	-100000.0
20080430 23:50	34.8	34.8	34.8	76	28.0	0	1	158	0.00	30.205	0	0.000	-100000.0
20080430 23:55	34.9	34.9	34.9	76	28.1	0	1	180	0.00	30.205	0	0.000	-100000.0
