--Timestamp---	Temp	Chill	HIndex	Humid	Dewpt	 Wind 	HiWind	WindDir	Rain 	Barom	Solar	 ET  	 UV 
--------------	----	-----	------	-----	-----	------	------	-------	-----	-----	-----	-----	----
20120827 00:00	68.5	68.5	68.5	81	62.4	3	6	158	0.00	30.287	0	0.001	-100000.0
20120827 00:05	68.3	68.3	68.3	81	62.2	3	6	158	0.00	30.287	0	0.000	-100000.0
20120827 00:10	68.2	68.2	68.2	81	62.1	3	6	158	0.00	30.287	0	0.000	-100000.0
20120827 00:15	68.1	68.1	68.1	81	62.0	3	9	158	0.00	30.276	0	0.000	-100000.0
20120827 00:20	68.1	68.1	68.1	81	62.0	4	7	158	0.00	30.276	0	0.000	-100000.0
20120827 00:25	67.9	67.9	67.9	81	61.8	4	7	180	0.00	30.276	0	0.000	-100000.0
20120827 00:30	67.8	67.8	67.8	81	61.7	4	9	158	0.00	30.275	0	0.000	-100000.0
20120827 00:35	67.6	67.6	67.6	82	61.9	4	7	158	0.00	30.275	0	0.000	-100000.0
20120827 00:40	67.6	67.6	67.6	82	61.9	4	7	158	0.00	30.275	0	0.000	-100000.0
20120827 00:45	67.4	67.4	67.4	82	61.7	4	7	158	0.00	30.276	0	0.000	-100000.0
20120827 00:50	67.4	67.4	67.4	82	61.7	2	6	158	0.00	30.276	0	0.000	-100000.0
20120827 00:55	67.3	67.3	67.3	82	61.6	4	7	158	0.00	30.276	0	0.000	-100000.0
20120827 01:00	67.3	67.3	67.3	82	61.6	2	5	158	0.00	30.274	0	0.001	-100000.0
20120827 01:05	67.2	67.2	67.2	82	61.5	3	7	158	0.00	30.274	0	0.000	-100000.0
20120827 01:10	67.1	67.1	67.1	82	61.4	3	6	158	0.00	30.274	0	0.000	-100000.0
20120827 01:15	67.0	67.0	67.0	83	61.7	3	6	158	0.00	30.266	0	0.000	-100000.0
20120827 01:20	67.1	67.1	67.1	83	61.8	3	6	158	0.00	30.266	0	0.000	-100000.0
20120827 01:25	67.1	67.1	67.1	82	61.4	4	9	158	0.00	30.266	0	0.000	-100000.0
20120827 01:30	67.1	67.1	67.1	82	61.4	3	6	158	0.00	30.260	0	0.000	-100000.0
20120827 01:35	67.0	67.0	67.0	83	61.7	1	4	158	0.00	30.260	0	0.000	-100000.0
20120827 01:40	66.9	66.9	66.9	83	61.6	2	4	158	0.00	30.260	0	0.000	-100000.0
20120827 01:45	66.8	66.8	66.8	83	61.5	2	6	158	0.00	30.258	0	0.000	-100000.0
20120827 01:50	66.8	66.8	66.8	83	61.5	1	5	158	0.00	30.258	0	0.000	-100000.0
20120827 01:55	66.8	66.8	66.8	83	61.5	3	5	158	0.00	30.258	0	0.000	-100000.0
20120827 02:00	66.7	66.7	66.7	83	61.4	2	7	158	0.00	30.254	0	0.001	-100000.0
20120827 02:05	66.5	66.5	66.5	83	61.2	3	7	180	0.00	30.254	0	0.000	-100000.0
20120827 02:10	66.4	66.4	66.4	83	61.1	3	6	158	0.00	30.254	0	0.000	-100000.0
20120827 02:15	66.2	66.2	66.2	84	61.2	4	7	158	0.00	30.252	0	0.000	-100000.0
20120827 02:20	66.0	66.0	66.0	84	61.0	3	6	158	0.00	30.252	0	0.000	-100000.0
20120827 02:25	65.9	65.9	65.9	84	60.9	3	7	180	0.00	30.252	0	0.000	-100000.0
20120827 02:30	65.8	65.8	65.8	84	60.8	4	9	158	0.00	30.251	0	0.000	-100000.0
20120827 02:35	65.7	65.7	65.7	85	61.1	4	9	158	0.00	30.251	0	0.000	-100000.0
20120827 02:40	65.6	65.6	65.6	85	61.0	3	5	158	0.00	30.251	0	0.000	-100000.0
20120827 02:45	65.5	65.5	65.5	85	60.9	3	5	158	0.00	30.249	0	0.000	-100000.0
20120827 02:50	65.4	65.4	65.4	85	60.8	4	6	158	0.00	30.249	0	0.000	-100000.0
20120827 02:55	65.3	65.3	65.3	85	60.7	4	5	158	0.00	30.249	0	0.000	-100000.0
20120827 03:00	65.2	65.2	65.2	86	60.9	2	6	158	0.00	30.242	0	0.001	-100000.0
20120827 03:05	65.2	65.2	65.2	86	60.9	2	5	158	0.00	30.242	0	0.000	-100000.0
20120827 03:10	65.2	65.2	65.2	86	60.9	3	6	158	0.00	30.242	0	0.000	-100000.0
20120827 03:15	65.1	65.1	65.1	86	60.8	2	6	158	0.00	30.242	0	0.000	-100000.0
20120827 03:20	65.0	65.0	65.0	86	60.7	1	5	158	0.00	30.242	0	0.000	-100000.0
20120827 03:25	64.9	64.9	64.9	87	60.9	1	4	158	0.00	30.242	0	0.000	-100000.0
20120827 03:30	64.9	64.9	64.9	87	60.9	1	5	158	0.00	30.241	0	0.000	-100000.0
20120827 03:35	64.5	64.5	64.5	87	60.5	0	2	158	0.00	30.241	0	0.000	-100000.0
20120827 03:40	63.9	63.9	63.9	87	59.9	0	0	-100000	0.00	30.241	0	0.000	-100000.0
20120827 03:45	63.1	63.1	63.1	88	59.5	0	0	-100000	0.00	30.242	0	0.000	-100000.0
20120827 03:50	62.6	62.6	62.6	90	59.6	0	0	-100000	0.00	30.242	0	0.000	-100000.0
20120827 03:55	62.2	62.2	62.2	90	59.2	0	1	158	0.00	30.242	0	0.000	-100000.0
20120827 04:00	61.8	61.8	61.8	91	59.1	0	0	-100000	0.00	30.241	0	0.001	-100000.0
20120827 04:05	61.5	61.5	61.5	92	59.2	0	1	158	0.00	30.241	0	0.000	-100000.0
20120827 04:10	61.3	61.3	61.3	92	59.0	0	0	-100000	0.00	30.241	0	0.000	-100000.0
20120827 04:15	61.2	61.2	61.2	92	58.9	0	0	-100000	0.00	30.231	0	0.000	-100000.0
20120827 04:20	61.2	61.2	61.2	93	59.2	0	0	-100000	0.00	30.231	0	0.000	-100000.0
20120827 04:25	61.0	61.0	61.0	92	58.7	0	0	-100000	0.00	30.231	0	0.000	-100000.0
20120827 04:30	60.7	60.7	60.7	93	58.7	0	0	-100000	0.00	30.235	0	0.000	-100000.0
20120827 04:35	60.6	60.6	60.6	93	58.6	0	0	-100000	0.00	30.235	0	0.000	-100000.0
20120827 04:40	60.4	60.4	60.4	93	58.4	0	0	-100000	0.00	30.235	0	0.000	-100000.0
20120827 04:45	60.3	60.3	60.3	93	58.3	0	0	-100000	0.00	30.241	0	0.000	-100000.0
20120827 04:50	60.2	60.2	60.2	94	58.5	0	0	-100000	0.00	30.241	0	0.000	-100000.0
20120827 04:55	60.2	60.2	60.2	94	58.5	0	0	-100000	0.00	30.241	0	0.000	-100000.0
20120827 05:00	60.1	60.1	60.1	94	58.4	0	0	-100000	0.00	30.242	0	0.000	-100000.0
20120827 05:05	59.9	59.9	59.9	94	58.2	0	0	-100000	0.00	30.242	0	0.000	-100000.0
20120827 05:10	59.7	59.7	59.7	94	58.0	0	0	-100000	0.00	30.242	0	0.000	-100000.0
20120827 05:15	59.6	59.6	59.6	94	57.9	0	0	-100000	0.00	30.253	0	0.000	-100000.0
20120827 05:20	59.6	59.6	59.6	95	58.2	0	0	-100000	0.00	30.253	0	0.000	-100000.0
20120827 05:25	59.7	59.7	59.7	95	58.3	0	0	-100000	0.00	30.253	0	0.000	-100000.0
20120827 05:30	59.8	59.8	59.8	95	58.4	0	0	-100000	0.00	30.243	0	0.000	-100000.0
20120827 05:35	59.6	59.6	59.6	95	58.2	0	0	-100000	0.00	30.243	0	0.000	-100000.0
20120827 05:40	59.5	59.5	59.5	95	58.1	0	0	-100000	0.00	30.243	0	0.000	-100000.0
20120827 05:45	59.5	59.5	59.5	95	58.1	0	0	-100000	0.00	30.236	0	0.000	-100000.0
20120827 05:50	60.0	60.0	60.0	95	58.6	0	1	158	0.00	30.236	0	0.000	-100000.0
20120827 05:55	60.0	60.0	60.0	95	58.6	0	0	-100000	0.00	30.236	0	0.000	-100000.0
20120827 06:00	59.8	59.8	59.8	95	58.4	0	1	158	0.00	30.229	0	0.000	-100000.0
20120827 06:05	60.0	60.0	60.0	95	58.6	0	2	158	0.00	30.229	0	0.000	-100000.0
20120827 06:10	60.0	60.0	60.0	95	58.6	0	0	-100000	0.00	30.229	0	0.000	-100000.0
20120827 06:15	60.0	60.0	60.0	95	58.6	0	0	-100000	0.00	30.227	5	0.000	-100000.0
20120827 06:20	59.9	59.9	59.9	95	58.5	0	0	-100000	0.00	30.227	8	0.000	-100000.0
20120827 06:25	59.5	59.5	59.5	95	58.1	0	1	158	0.00	30.227	11	0.000	-100000.0
20120827 06:30	59.4	59.4	59.4	95	58.0	0	2	158	0.00	30.231	13	0.000	-100000.0
20120827 06:35	59.1	59.1	59.1	95	57.7	0	2	158	0.00	30.231	17	0.000	-100000.0
20120827 06:40	59.0	59.0	59.0	95	57.6	0	1	158	0.00	30.231	18	0.000	-100000.0
20120827 06:45	59.0	59.0	59.0	95	57.6	0	0	-100000	0.00	30.233	22	0.000	-100000.0
20120827 06:50	59.0	59.0	59.0	96	57.9	0	1	158	0.00	30.233	28	0.000	-100000.0
20120827 06:55	59.0	59.0	59.0	96	57.9	0	0	-100000	0.00	30.233	53	0.000	-100000.0
20120827 07:00	59.2	59.2	59.2	96	58.1	0	0	-100000	0.00	30.238	73	0.000	-100000.0
20120827 07:05	59.3	59.3	59.3	96	58.2	0	0	-100000	0.00	30.238	85	0.000	-100000.0
20120827 07:10	59.5	59.5	59.5	96	58.4	0	0	-100000	0.00	30.238	105	0.000	-100000.0
20120827 07:15	60.0	60.0	60.0	96	58.9	0	0	-100000	0.00	30.235	131	0.000	-100000.0
20120827 07:20	60.6	60.6	60.6	96	59.5	0	0	-100000	0.00	30.235	160	0.000	-100000.0
20120827 07:25	61.1	61.1	61.1	96	59.9	0	1	158	0.00	30.235	175	0.000	-100000.0
20120827 07:30	61.2	61.2	61.2	96	60.0	0	2	158	0.00	30.232	121	0.000	-100000.0
20120827 07:35	61.3	61.3	61.3	95	59.9	0	1	158	0.00	30.232	173	0.000	-100000.0
20120827 07:40	61.8	61.8	61.8	96	60.6	0	1	158	0.00	30.232	199	0.000	-100000.0
20120827 07:45	62.6	62.6	62.6	96	61.4	0	0	-100000	0.00	30.231	205	0.000	-100000.0
20120827 07:50	63.1	63.1	63.1	95	61.6	0	1	158	0.00	30.231	255	0.000	-100000.0
20120827 07:55	63.2	63.2	63.2	94	61.4	0	1	158	0.00	30.231	123	0.000	-100000.0
20120827 08:00	63.3	63.3	63.3	93	61.2	1	3	158	0.00	30.239	126	0.003	-100000.0
20120827 08:05	63.4	63.4	63.4	93	61.3	0	1	158	0.00	30.239	117	0.000	-100000.0
20120827 08:10	63.4	63.4	63.4	93	61.3	0	1	158	0.00	30.239	114	0.000	-100000.0
20120827 08:15	63.4	63.4	63.4	93	61.3	0	1	158	0.00	30.242	128	0.000	-100000.0
20120827 08:20	63.6	63.6	63.6	94	61.8	0	1	158	0.00	30.242	132	0.000	-100000.0
20120827 08:25	63.9	63.9	63.9	94	62.1	0	0	-100000	0.00	30.242	136	0.000	-100000.0
20120827 08:30	64.3	64.3	64.3	93	62.2	0	1	158	0.00	30.241	135	0.000	-100000.0
20120827 08:35	64.7	64.7	64.7	93	62.6	0	1	158	0.00	30.241	131	0.000	-100000.0
20120827 08:40	65.1	65.1	65.1	93	63.0	0	1	158	0.00	30.241	138	0.000	-100000.0
20120827 08:45	65.4	65.4	65.4	92	63.0	1	4	158	0.00	30.244	151	0.000	-100000.0
20120827 08:50	65.4	65.4	65.4	92	63.0	0	3	158	0.00	30.244	188	0.000	-100000.0
20120827 08:55	65.8	65.8	65.8	92	63.4	1	5	158	0.00	30.244	333	0.000	-100000.0
20120827 09:00	66.4	66.4	66.4	91	63.7	1	5	158	0.00	30.239	391	0.004	-100000.0
20120827 09:05	66.9	66.9	66.9	90	63.9	2	6	158	0.00	30.239	403	0.000	-100000.0
20120827 09:10	67.2	67.2	67.2	89	63.8	1	4	202	0.00	30.239	429	0.000	-100000.0
20120827 09:15	67.6	67.6	67.6	88	63.9	0	3	202	0.00	30.233	427	0.000	-100000.0
20120827 09:20	67.9	67.9	67.9	88	64.2	0	3	202	0.00	30.233	430	0.000	-100000.0
20120827 09:25	68.5	68.5	68.5	87	64.5	0	3	202	0.00	30.233	445	0.000	-100000.0
20120827 09:30	69.1	69.1	69.1	85	64.4	1	5	202	0.00	30.228	456	0.000	-100000.0
20120827 09:35	69.7	69.7	69.7	85	65.0	0	2	202	0.00	30.228	470	0.000	-100000.0
20120827 09:40	70.3	70.3	70.3	84	65.2	0	4	202	0.00	30.228	482	0.000	-100000.0
20120827 09:45	70.6	70.6	70.6	83	65.2	2	5	225	0.00	30.228	494	0.000	-100000.0
20120827 09:50	70.8	70.8	70.8	83	65.4	1	5	225	0.00	30.228	506	0.000	-100000.0
20120827 09:55	71.3	71.3	71.3	82	65.5	1	6	225	0.00	30.228	521	0.000	-100000.0
20120827 10:00	71.8	71.8	71.8	81	65.6	1	6	202	0.00	30.224	529	0.011	-100000.0
20120827 10:05	72.1	72.1	72.1	81	65.9	2	6	180	0.00	30.224	542	0.000	-100000.0
20120827 10:10	72.5	72.5	72.5	80	66.0	2	6	180	0.00	30.224	551	0.000	-100000.0
20120827 10:15	73.1	73.1	73.1	79	66.2	1	3	180	0.00	30.212	563	0.000	-100000.0
20120827 10:20	73.3	73.3	73.3	79	66.4	2	6	202	0.00	30.212	575	0.000	-100000.0
20120827 10:25	73.5	73.5	73.5	79	66.6	3	10	225	0.00	30.212	583	0.000	-100000.0
20120827 10:30	73.7	73.7	73.7	79	66.8	1	10	202	0.00	30.212	594	0.000	-100000.0
20120827 10:35	74.1	74.1	74.1	78	66.8	3	8	158	0.00	30.212	604	0.000	-100000.0
20120827 10:40	74.3	74.3	74.3	77	66.6	3	9	180	0.00	30.212	548	0.000	-100000.0
20120827 10:45	74.8	74.8	74.8	76	66.7	2	8	158	0.00	30.205	622	0.000	-100000.0
20120827 10:50	74.7	74.7	74.7	76	66.6	2	7	225	0.00	30.205	633	0.000	-100000.0
20120827 10:55	75.3	75.3	76.5	75	66.8	1	6	202	0.00	30.205	641	0.000	-100000.0
20120827 11:00	75.5	75.5	76.8	74	66.6	2	9	202	0.00	30.208	651	0.014	-100000.0
20120827 11:05	75.7	75.7	77.1	73	66.4	1	7	225	0.00	30.208	658	0.000	-100000.0
20120827 11:10	76.2	76.2	77.7	74	67.3	2	10	180	0.00	30.208	647	0.000	-100000.0
20120827 11:15	77.0	77.0	78.8	70	66.4	2	10	180	0.00	30.198	676	0.000	-100000.0
20120827 11:20	77.5	77.5	79.4	70	66.9	1	5	225	0.00	30.198	684	0.000	-100000.0
20120827 11:25	77.3	77.3	79.1	69	66.3	5	10	225	0.00	30.198	693	0.000	-100000.0
20120827 11:30	77.3	77.3	79.1	70	66.7	3	11	180	0.00	30.195	700	0.000	-100000.0
20120827 11:35	77.7	77.7	79.7	71	67.5	2	6	202	0.00	30.195	710	0.000	-100000.0
20120827 11:40	78.1	78.1	80.1	69	67.1	5	13	158	0.00	30.195	722	0.000	-100000.0
20120827 11:45	78.1	78.1	80.2	70	67.5	4	11	180	0.00	30.182	740	0.000	-100000.0
20120827 11:50	78.4	78.4	80.5	69	67.4	2	9	180	0.00	30.182	747	0.000	-100000.0
20120827 11:55	78.7	78.7	80.9	68	67.2	3	9	225	0.00	30.182	767	0.000	-100000.0
20120827 12:00	78.2	78.2	80.3	69	67.2	3	11	248	0.00	30.171	565	0.018	-100000.0
20120827 12:05	79.1	79.1	81.3	67	67.2	2	8	202	0.00	30.171	913	0.000	-100000.0
20120827 12:10	79.8	79.8	82.2	66	67.4	3	10	225	0.00	30.171	795	0.000	-100000.0
20120827 12:15	80.3	80.3	82.8	65	67.4	1	7	180	0.00	30.165	1014	0.000	-100000.0
20120827 12:20	80.2	80.2	82.5	64	66.9	3	11	202	0.00	30.165	1014	0.000	-100000.0
20120827 12:25	80.1	80.1	82.5	65	67.2	4	12	202	0.00	30.165	646	0.000	-100000.0
20120827 12:30	80.0	80.0	82.4	65	67.2	1	7	225	0.00	30.150	569	0.000	-100000.0
20120827 12:35	79.9	79.9	82.1	64	66.6	4	12	202	0.00	30.150	402	0.000	-100000.0
20120827 12:40	79.6	79.6	82.0	67	67.7	2	12	202	0.00	30.150	508	0.000	-100000.0
20120827 12:45	80.0	80.0	82.5	66	67.6	4	10	202	0.00	30.150	806	0.000	-100000.0
20120827 12:50	79.9	79.9	82.2	65	67.1	4	11	202	0.00	30.150	817	0.000	-100000.0
20120827 12:55	80.8	80.8	83.5	65	67.9	2	12	180	0.00	30.150	797	0.000	-100000.0
20120827 13:00	81.0	81.0	83.7	64	67.6	4	14	225	0.00	30.144	792	0.019	-100000.0
20120827 13:05	81.2	81.2	84.0	64	67.8	4	13	225	0.00	30.144	769	0.000	-100000.0
20120827 13:10	81.1	81.1	84.0	65	68.2	4	11	202	0.00	30.144	776	0.000	-100000.0
20120827 13:15	81.5	81.5	84.2	63	67.7	4	12	202	0.00	30.135	781	0.000	-100000.0
20120827 13:20	81.8	81.8	84.9	64	68.4	3	12	180	0.00	30.135	806	0.000	-100000.0
20120827 13:25	82.1	82.1	85.4	64	68.7	3	13	202	0.00	30.135	794	0.000	-100000.0
20120827 13:30	82.6	82.6	86.2	64	69.2	2	11	225	0.00	30.126	693	0.000	-100000.0
20120827 13:35	82.8	82.8	86.1	62	68.4	4	13	158	0.00	30.126	857	0.000	-100000.0
20120827 13:40	82.6	82.6	85.7	62	68.2	5	13	180	0.00	30.126	842	0.000	-100000.0
20120827 13:45	82.5	82.5	85.6	62	68.1	5	10	202	0.00	30.117	833	0.000	-100000.0
20120827 13:50	82.6	82.6	85.9	63	68.7	4	13	158	0.00	30.117	777	0.000	-100000.0
20120827 13:55	83.3	83.3	86.9	62	68.9	4	12	202	0.00	30.117	761	0.000	-100000.0
20120827 14:00	83.4	83.4	86.8	61	68.5	3	10	180	0.00	30.109	747	0.021	-100000.0
20120827 14:05	84.0	84.0	87.8	61	69.1	4	15	202	0.00	30.109	745	0.000	-100000.0
20120827 14:10	84.1	84.1	88.2	62	69.6	3	13	202	0.00	30.109	732	0.000	-100000.0
20120827 14:15	84.4	84.4	88.2	60	69.0	2	13	202	0.00	30.103	726	0.000	-100000.0
20120827 14:20	83.6	83.6	87.4	62	69.2	4	15	180	0.00	30.103	727	0.000	-100000.0
20120827 14:25	84.1	84.1	88.0	61	69.2	4	15	202	0.00	30.103	712	0.000	-100000.0
20120827 14:30	84.2	84.2	88.1	61	69.3	4	15	225	0.00	30.102	723	0.000	-100000.0
20120827 14:35	84.0	84.0	87.8	61	69.1	4	12	202	0.00	30.102	747	0.000	-100000.0
20120827 14:40	84.5	84.5	88.1	59	68.6	4	15	225	0.00	30.102	694	0.000	-100000.0
20120827 14:45	84.2	84.2	87.9	60	68.8	5	12	225	0.00	30.087	694	0.000	-100000.0
20120827 14:50	83.6	83.6	86.9	60	68.2	6	13	202	0.00	30.087	355	0.000	-100000.0
20120827 14:55	83.9	83.9	87.6	61	69.0	3	10	202	0.00	30.087	690	0.000	-100000.0
20120827 15:00	83.8	83.8	87.2	60	68.4	4	12	202	0.00	30.088	323	0.019	-100000.0
20120827 15:05	84.1	84.1	88.0	61	69.2	3	12	202	0.00	30.088	710	0.000	-100000.0
20120827 15:10	84.1	84.1	87.4	59	68.2	6	15	158	0.00	30.088	580	0.000	-100000.0
20120827 15:15	83.6	83.6	87.1	61	68.7	6	15	158	0.00	30.084	339	0.000	-100000.0
20120827 15:20	83.2	83.2	86.7	62	68.8	4	12	158	0.00	30.084	221	0.000	-100000.0
20120827 15:25	83.3	83.3	86.6	61	68.4	4	13	180	0.00	30.084	338	0.000	-100000.0
20120827 15:30	83.6	83.6	87.4	62	69.2	2	10	202	0.00	30.080	352	0.000	-100000.0
20120827 15:35	83.8	83.8	87.5	61	68.9	3	12	202	0.00	30.080	243	0.000	-100000.0
20120827 15:40	83.0	83.0	86.4	62	68.6	6	16	202	0.00	30.080	231	0.000	-100000.0
20120827 15:45	82.9	82.9	86.2	62	68.5	3	13	202	0.00	30.071	220	0.000	-100000.0
20120827 15:50	82.7	82.7	85.9	62	68.3	4	12	180	0.00	30.071	193	0.000	-100000.0
20120827 15:55	82.6	82.6	85.9	63	68.7	4	14	202	0.00	30.071	202	0.000	-100000.0
20120827 16:00	82.3	82.3	85.7	64	68.9	6	15	180	0.00	30.066	129	0.010	-100000.0
20120827 16:05	81.8	81.8	85.1	65	68.9	7	15	202	0.00	30.066	122	0.000	-100000.0
20120827 16:10	81.6	81.6	84.9	66	69.1	4	11	158	0.00	30.066	176	0.000	-100000.0
20120827 16:15	81.6	81.6	84.9	66	69.1	4	12	158	0.00	30.057	137	0.000	-100000.0
20120827 16:20	81.6	81.6	84.9	66	69.1	2	14	180	0.00	30.057	132	0.000	-100000.0
20120827 16:25	81.9	81.9	85.2	65	69.0	5	13	180	0.00	30.057	212	0.000	-100000.0
20120827 16:30	82.1	82.1	85.6	65	69.1	5	14	180	0.00	30.051	163	0.000	-100000.0
20120827 16:35	82.2	82.2	85.7	65	69.2	5	13	180	0.00	30.051	193	0.000	-100000.0
20120827 16:40	82.7	82.7	86.3	64	69.3	6	16	158	0.00	30.051	404	0.000	-100000.0
20120827 16:45	84.0	84.0	88.1	62	69.5	4	12	202	0.00	30.043	611	0.000	-100000.0
20120827 16:50	84.0	84.0	87.8	61	69.1	5	15	202	0.00	30.043	237	0.000	-100000.0
20120827 16:55	83.9	83.9	87.6	61	69.0	6	15	225	0.00	30.043	554	0.000	-100000.0
20120827 17:00	83.7	83.7	87.3	61	68.8	6	14	202	0.00	30.041	407	0.009	-100000.0
20120827 17:05	83.2	83.2	86.9	63	69.3	7	16	158	0.00	30.041	224	0.000	-100000.0
20120827 17:10	82.5	82.5	85.8	63	68.6	9	22	180	0.00	30.041	153	0.000	-100000.0
20120827 17:15	82.0	82.0	85.4	65	69.0	9	18	158	0.00	30.039	106	0.000	-100000.0
20120827 17:20	82.0	82.0	85.4	65	69.0	4	16	202	0.00	30.039	158	0.000	-100000.0
20120827 17:25	81.8	81.8	85.3	66	69.3	5	15	202	0.00	30.039	185	0.000	-100000.0
20120827 17:30	81.8	81.8	85.3	66	69.3	6	18	202	0.00	30.035	147	0.000	-100000.0
20120827 17:35	81.5	81.5	84.8	66	69.0	6	16	180	0.00	30.035	118	0.000	-100000.0
20120827 17:40	81.3	81.3	84.6	67	69.3	6	14	202	0.00	30.035	100	0.000	-100000.0
20120827 17:45	81.1	81.1	84.3	67	69.1	4	11	202	0.00	30.028	89	0.000	-100000.0
20120827 17:50	80.9	80.9	84.1	68	69.3	5	14	202	0.00	30.028	104	0.000	-100000.0
20120827 17:55	80.8	80.8	84.0	68	69.2	6	14	202	0.00	30.028	152	0.000	-100000.0
20120827 18:00	80.9	80.9	84.1	68	69.3	4	16	202	0.00	30.025	167	0.006	-100000.0
20120827 18:05	80.9	80.9	84.1	68	69.3	4	12	180	0.00	30.025	184	0.000	-100000.0
20120827 18:10	81.1	81.1	84.5	68	69.5	3	13	180	0.00	30.025	214	0.000	-100000.0
20120827 18:15	80.7	80.7	84.0	69	69.6	6	17	202	0.00	30.016	130	0.000	-100000.0
20120827 18:20	80.5	80.5	83.6	69	69.4	5	17	202	0.00	30.016	131	0.000	-100000.0
20120827 18:25	80.1	80.1	83.1	70	69.4	6	16	180	0.00	30.016	137	0.000	-100000.0
20120827 18:30	80.0	80.0	83.1	71	69.7	4	13	180	0.00	30.013	124	0.000	-100000.0
20120827 18:35	79.8	79.8	82.7	71	69.5	6	13	202	0.00	30.013	72	0.000	-100000.0
20120827 18:40	79.6	79.6	82.4	71	69.3	4	15	202	0.00	30.013	55	0.000	-100000.0
20120827 18:45	79.3	79.3	82.0	72	69.5	7	19	202	0.00	30.012	36	0.000	-100000.0
20120827 18:50	79.0	79.0	81.6	73	69.6	5	16	202	0.00	30.012	31	0.000	-100000.0
20120827 18:55	78.7	78.7	81.1	72	68.9	7	18	180	0.00	30.012	26	0.000	-100000.0
20120827 19:00	78.5	78.5	80.9	73	69.1	7	18	202	0.00	30.011	21	0.004	-100000.0
20120827 19:05	78.2	78.2	80.4	73	68.8	5	16	180	0.00	30.011	16	0.000	-100000.0
20120827 19:10	78.1	78.1	80.3	74	69.1	5	14	202	0.00	30.011	12	0.000	-100000.0
20120827 19:15	77.9	77.9	80.0	74	68.9	6	17	180	0.00	30.008	9	0.000	-100000.0
20120827 19:20	77.7	77.7	79.7	74	68.7	6	16	180	0.00	30.008	7	0.000	-100000.0
20120827 19:25	77.5	77.5	79.4	74	68.5	5	16	180	0.00	30.008	6	0.000	-100000.0
20120827 19:30	77.4	77.4	79.3	75	68.8	5	14	202	0.00	30.009	4	0.000	-100000.0
20120827 19:35	77.3	77.3	79.1	75	68.7	4	15	202	0.00	30.009	0	0.000	-100000.0
20120827 19:40	77.1	77.1	78.8	75	68.5	3	13	180	0.00	30.009	0	0.000	-100000.0
20120827 19:45	77.0	77.0	78.7	76	68.8	3	11	225	0.00	30.011	0	0.000	-100000.0
20120827 19:50	76.9	76.9	78.5	76	68.7	2	10	225	0.00	30.011	0	0.000	-100000.0
20120827 19:55	76.8	76.8	78.4	77	69.0	3	12	202	0.00	30.011	0	0.000	-100000.0
20120827 20:00	76.7	76.7	78.2	77	68.9	3	11	202	0.00	30.010	0	0.001	-100000.0
20120827 20:05	76.7	76.7	78.2	78	69.3	4	11	202	0.00	30.010	0	0.000	-100000.0
20120827 20:10	76.7	76.7	78.2	78	69.3	4	14	225	0.00	30.010	0	0.000	-100000.0
20120827 20:15	76.7	76.7	78.2	78	69.3	3	11	202	0.00	30.009	0	0.000	-100000.0
20120827 20:20	76.6	76.6	78.0	78	69.2	3	9	202	0.00	30.009	0	0.000	-100000.0
20120827 20:25	76.6	76.6	78.0	78	69.2	3	12	202	0.00	30.009	0	0.000	-100000.0
20120827 20:30	76.5	76.5	77.8	79	69.5	3	11	202	0.00	30.010	0	0.000	-100000.0
20120827 20:35	76.5	76.5	77.8	79	69.5	3	10	202	0.00	30.010	0	0.000	-100000.0
20120827 20:40	76.4	76.4	77.6	80	69.8	4	12	225	0.00	30.010	0	0.000	-100000.0
20120827 20:45	76.4	76.4	77.6	80	69.8	4	13	202	0.00	30.011	0	0.000	-100000.0
20120827 20:50	76.3	76.3	77.5	80	69.7	4	14	202	0.00	30.011	0	0.000	-100000.0
20120827 20:55	76.2	76.2	77.3	80	69.6	4	12	202	0.00	30.011	0	0.000	-100000.0
20120827 21:00	76.1	76.1	77.1	81	69.8	3	9	202	0.00	30.010	0	0.001	-100000.0
20120827 21:05	76.0	76.0	76.9	81	69.7	3	9	180	0.00	30.010	0	0.000	-100000.0
20120827 21:10	76.0	76.0	76.9	81	69.7	3	13	225	0.00	30.010	0	0.000	-100000.0
20120827 21:15	75.8	75.8	76.5	82	69.9	4	12	202	0.00	29.996	0	0.000	-100000.0
20120827 21:20	75.7	75.7	76.4	82	69.8	4	14	202	0.00	29.996	0	0.000	-100000.0
20120827 21:25	75.7	75.7	76.4	82	69.8	3	12	202	0.00	29.996	0	0.000	-100000.0
20120827 21:30	75.6	75.6	76.2	82	69.7	3	10	225	0.00	29.996	0	0.000	-100000.0
20120827 21:35	75.5	75.5	76.1	82	69.6	3	11	180	0.00	29.996	0	0.000	-100000.0
20120827 21:40	75.5	75.5	75.9	83	70.0	3	8	180	0.00	29.996	0	0.000	-100000.0
20120827 21:45	75.5	75.5	75.9	83	70.0	4	11	202	0.00	29.992	0	0.000	-100000.0
20120827 21:50	75.5	75.5	75.9	83	70.0	3	10	202	0.00	29.992	0	0.000	-100000.0
20120827 21:55	75.4	75.4	75.8	83	69.9	4	12	202	0.00	29.992	0	0.000	-100000.0
20120827 22:00	75.3	75.3	75.6	83	69.8	3	7	202	0.00	29.994	0	0.001	-100000.0
20120827 22:05	75.3	75.3	75.6	83	69.8	2	9	202	0.00	29.994	0	0.000	-100000.0
20120827 22:10	75.2	75.2	75.3	84	70.0	1	6	202	0.00	29.994	0	0.000	-100000.0
20120827 22:15	75.2	75.2	75.3	84	70.0	3	10	202	0.00	29.992	0	0.000	-100000.0
20120827 22:20	75.1	75.1	75.2	84	69.9	3	9	180	0.00	29.992	0	0.000	-100000.0
20120827 22:25	75.1	75.1	75.2	84	69.9	3	11	202	0.00	29.992	0	0.000	-100000.0
20120827 22:30	75.1	75.1	75.0	85	70.3	2	6	202	0.00	29.992	0	0.000	-100000.0
20120827 22:35	75.0	75.0	74.9	85	70.2	3	11	202	0.00	29.992	0	0.000	-100000.0
20120827 22:40	75.0	75.0	74.9	85	70.2	4	10	180	0.00	29.992	0	0.000	-100000.0
20120827 22:45	75.0	75.0	74.9	85	70.2	2	9	202	0.00	29.988	0	0.000	-100000.0
20120827 22:50	75.1	75.1	75.0	85	70.3	3	9	225	0.00	29.988	0	0.000	-100000.0
20120827 22:55	75.1	75.1	75.0	85	70.3	3	10	202	0.00	29.988	0	0.000	-100000.0
20120827 23:00	75.0	75.0	74.9	85	70.2	2	9	180	0.00	29.988	0	0.001	-100000.0
20120827 23:05	75.0	75.0	74.9	85	70.2	3	10	180	0.00	29.988	0	0.000	-100000.0
20120827 23:10	74.9	74.9	74.9	85	70.1	1	7	225	0.00	29.988	0	0.000	-100000.0
20120827 23:15	74.9	74.9	74.9	86	70.4	2	7	202	0.00	29.979	0	0.000	-100000.0
20120827 23:20	74.8	74.8	74.8	86	70.3	3	9	202	0.00	29.979	0	0.000	-100000.0
20120827 23:25	74.7	74.7	74.7	86	70.2	2	7	180	0.00	29.979	0	0.000	-100000.0
20120827 23:30	74.6	74.6	74.6	86	70.1	4	12	180	0.00	29.979	0	0.000	-100000.0
20120827 23:35	74.6	74.6	74.6	86	70.1	3	10	180	0.00	29.979	0	0.000	-100000.0
20120827 23:40	74.6	74.6	74.6	86	70.1	2	7	180	0.00	29.979	0	0.000	-100000.0
20120827 23:45	74.6	74.6	74.6	86	70.1	4	12	202	0.00	29.974	0	0.000	-100000.0
20120827 23:50	74.6	74.6	74.6	86	70.1	3	10	202	0.00	29.974	0	0.000	-100000.0
20120827 23:55	74.6	74.6	74.6	87	70.5	2	7	202	0.00	29.974	0	0.000	-100000.0
