--Timestamp---	Temp	Chill	HIndex	Humid	Dewpt	 Wind 	HiWind	WindDir	Rain 	Barom	Solar	 ET  	 UV 
--------------	----	-----	------	-----	-----	------	------	-------	-----	-----	-----	-----	----
20101201 00:00	41.1	41.1	41.1	96	40.0	0	3	158	0.00	30.295	0	0.000	-100000.0
20101201 00:05	41.1	41.1	41.1	96	40.0	0	2	158	0.00	30.295	0	0.000	-100000.0
20101201 00:10	41.2	41.2	41.2	96	40.1	0	0	-100000	0.00	30.295	0	0.000	-100000.0
20101201 00:15	41.3	41.3	41.3	96	40.2	0	2	158	0.00	30.268	0	0.000	-100000.0
20101201 00:20	41.6	41.6	41.6	96	40.5	0	2	158	0.00	30.268	0	0.000	-100000.0
20101201 00:25	41.6	41.6	41.6	96	40.5	0	1	158	0.00	30.268	0	0.000	-100000.0
20101201 00:30	41.4	41.4	41.4	96	40.3	1	3	158	0.00	30.278	0	0.000	-100000.0
20101201 00:35	41.5	41.5	41.5	96	40.4	0	2	158	0.00	30.278	0	0.000	-100000.0
20101201 00:40	42.2	42.2	42.2	96	41.1	0	4	158	0.00	30.278	0	0.000	-100000.0
20101201 00:45	42.2	42.2	42.2	96	41.1	0	1	158	0.00	30.266	0	0.000	-100000.0
20101201 00:50	41.8	41.8	41.8	96	40.7	0	2	158	0.00	30.266	0	0.000	-100000.0
20101201 00:55	41.8	41.8	41.8	96	40.7	0	2	158	0.00	30.266	0	0.000	-100000.0
20101201 01:00	41.8	41.8	41.8	96	40.7	0	1	158	0.00	30.266	0	0.000	-100000.0
20101201 01:05	41.7	41.7	41.7	96	40.6	0	1	158	0.00	30.266	0	0.000	-100000.0
20101201 01:10	41.6	41.6	41.6	96	40.5	0	2	158	0.00	30.266	0	0.000	-100000.0
20101201 01:15	41.8	41.8	41.8	96	40.7	0	1	158	0.00	30.265	0	0.000	-100000.0
20101201 01:20	42.7	42.7	42.7	96	41.6	0	3	158	0.00	30.265	0	0.000	-100000.0
20101201 01:25	42.5	42.5	42.5	96	41.4	0	1	158	0.00	30.265	0	0.000	-100000.0
20101201 01:30	43.1	43.1	43.1	96	42.0	1	4	158	0.00	30.259	0	0.000	-100000.0
20101201 01:35	42.4	42.4	42.4	96	41.3	0	2	158	0.00	30.259	0	0.000	-100000.0
20101201 01:40	42.4	42.4	42.4	96	41.3	0	1	158	0.00	30.259	0	0.000	-100000.0
20101201 01:45	42.3	42.3	42.3	96	41.2	0	1	158	0.00	30.263	0	0.000	-100000.0
20101201 01:50	42.5	42.5	42.5	96	41.4	0	0	-100000	0.00	30.263	0	0.000	-100000.0
20101201 01:55	43.0	43.0	43.0	96	41.9	0	1	158	0.00	30.263	0	0.000	-100000.0
20101201 02:00	43.2	43.2	43.2	96	42.1	0	0	-100000	0.00	30.256	0	0.000	-100000.0
20101201 02:05	43.3	43.3	43.3	96	42.2	0	1	158	0.00	30.256	0	0.000	-100000.0
20101201 02:10	43.6	43.6	43.6	96	42.5	0	2	158	0.00	30.256	0	0.000	-100000.0
20101201 02:15	44.7	44.7	44.7	96	43.6	1	5	158	0.00	30.232	0	0.000	-100000.0
20101201 02:20	46.4	44.0	46.4	97	45.6	5	11	158	0.00	30.232	0	0.000	-100000.0
20101201 02:25	47.0	45.4	47.0	97	46.2	4	9	158	0.00	30.232	0	0.000	-100000.0
20101201 02:30	47.3	45.8	47.3	97	46.5	4	11	158	0.00	30.232	0	0.000	-100000.0
20101201 02:35	47.4	47.4	47.4	96	46.3	2	10	135	0.00	30.232	0	0.000	-100000.0
20101201 02:40	47.6	47.6	47.6	96	46.5	3	8	158	0.00	30.232	0	0.000	-100000.0
20101201 02:45	47.9	47.9	47.9	96	46.8	3	6	158	0.00	30.235	0	0.000	-100000.0
20101201 02:50	48.1	46.7	48.1	95	46.7	4	11	158	0.00	30.235	0	0.000	-100000.0
20101201 02:55	48.3	48.3	48.3	95	46.9	2	5	180	0.00	30.235	0	0.000	-100000.0
20101201 03:00	48.4	48.4	48.4	94	46.8	2	5	180	0.00	30.229	0	0.000	-100000.0
20101201 03:05	48.5	48.5	48.5	94	46.9	2	5	180	0.00	30.229	0	0.000	-100000.0
20101201 03:10	48.7	48.7	48.7	94	47.1	3	10	158	0.00	30.229	0	0.000	-100000.0
20101201 03:15	48.7	48.7	48.7	93	46.8	1	5	158	0.00	30.230	0	0.000	-100000.0
20101201 03:20	48.8	48.8	48.8	93	46.9	1	4	158	0.00	30.230	0	0.000	-100000.0
20101201 03:25	48.9	48.9	48.9	93	47.0	2	7	158	0.00	30.230	0	0.000	-100000.0
20101201 03:30	48.9	48.9	48.9	93	47.0	1	6	180	0.00	30.215	0	0.000	-100000.0
20101201 03:35	48.9	48.9	48.9	93	47.0	1	4	180	0.00	30.215	0	0.000	-100000.0
20101201 03:40	49.1	49.1	49.1	92	46.9	2	6	180	0.00	30.215	0	0.000	-100000.0
20101201 03:45	49.2	49.2	49.2	92	47.0	2	7	158	0.00	30.208	0	0.000	-100000.0
20101201 03:50	49.4	49.4	49.4	92	47.2	2	6	158	0.00	30.208	0	0.000	-100000.0
20101201 03:55	49.6	49.6	49.6	92	47.4	2	10	158	0.00	30.208	0	0.000	-100000.0
20101201 04:00	49.7	49.7	49.7	91	47.2	2	7	135	0.00	30.198	0	0.000	-100000.0
20101201 04:05	49.6	49.6	49.6	91	47.1	0	1	135	0.00	30.198	0	0.000	-100000.0
20101201 04:10	49.3	49.3	49.3	91	46.8	0	1	135	0.00	30.198	0	0.000	-100000.0
20101201 04:15	48.8	48.8	48.8	92	46.6	1	3	135	0.00	30.190	0	0.000	-100000.0
20101201 04:20	49.1	49.1	49.1	92	46.9	2	9	158	0.00	30.190	0	0.000	-100000.0
20101201 04:25	49.2	49.2	49.2	92	47.0	0	3	180	0.00	30.190	0	0.000	-100000.0
20101201 04:30	49.6	49.6	49.6	92	47.4	2	6	158	0.00	30.182	0	0.000	-100000.0
20101201 04:35	50.1	50.1	50.1	92	47.9	2	6	180	0.00	30.182	0	0.000	-100000.0
20101201 04:40	50.6	50.6	50.6	91	48.1	4	14	158	0.00	30.182	0	0.000	-100000.0
20101201 04:45	51.1	51.1	51.1	90	48.3	6	13	158	0.00	30.156	0	0.000	-100000.0
20101201 04:50	51.5	51.5	51.5	89	48.4	9	23	135	0.00	30.156	0	0.000	-100000.0
20101201 04:55	51.8	51.8	51.8	88	48.4	11	23	135	0.00	30.156	0	0.000	-100000.0
20101201 05:00	51.8	51.8	51.8	87	48.1	5	14	158	0.00	30.133	0	0.000	-100000.0
20101201 05:05	51.8	51.8	51.8	87	48.1	7	13	135	0.00	30.133	0	0.000	-100000.0
20101201 05:10	51.7	51.7	51.7	87	48.0	7	12	158	0.00	30.133	0	0.000	-100000.0
20101201 05:15	51.6	51.6	51.6	87	47.9	9	15	135	0.00	30.131	0	0.000	-100000.0
20101201 05:20	51.6	51.6	51.6	87	47.9	10	16	158	0.00	30.131	0	0.000	-100000.0
20101201 05:25	51.5	51.5	51.5	87	47.8	7	15	158	0.01	30.131	0	0.000	-100000.0
20101201 05:30	51.4	51.4	51.4	88	48.0	8	19	135	0.00	30.120	0	0.000	-100000.0
20101201 05:35	51.4	51.4	51.4	88	48.0	7	14	158	0.00	30.120	0	0.000	-100000.0
20101201 05:40	51.3	51.3	51.3	88	47.9	9	17	158	0.00	30.120	0	0.000	-100000.0
20101201 05:45	51.1	51.1	51.1	88	47.7	8	19	135	0.00	30.107	0	0.000	-100000.0
20101201 05:50	51.3	51.3	51.3	87	47.6	15	23	135	0.00	30.107	0	0.000	-100000.0
20101201 05:55	51.2	51.2	51.2	87	47.5	13	21	158	0.00	30.107	0	0.000	-100000.0
20101201 06:00	51.2	51.2	51.2	87	47.5	15	22	135	0.00	30.091	0	0.001	-100000.0
20101201 06:05	51.3	51.3	51.3	87	47.6	15	24	135	0.00	30.091	0	0.000	-100000.0
20101201 06:10	51.2	51.2	51.2	87	47.5	7	15	158	0.00	30.091	0	0.000	-100000.0
20101201 06:15	51.2	51.2	51.2	87	47.5	7	16	158	0.00	30.094	0	0.000	-100000.0
20101201 06:20	51.4	51.4	51.4	87	47.7	7	15	135	0.00	30.094	0	0.000	-100000.0
20101201 06:25	51.6	51.6	51.6	86	47.5	11	18	135	0.00	30.094	0	0.000	-100000.0
20101201 06:30	51.7	51.7	51.7	86	47.6	5	13	158	0.00	30.096	0	0.000	-100000.0
20101201 06:35	51.8	51.8	51.8	86	47.7	6	13	158	0.00	30.096	0	0.000	-100000.0
20101201 06:40	51.9	51.9	51.9	86	47.8	9	18	158	0.00	30.096	0	0.000	-100000.0
20101201 06:45	52.0	52.0	52.0	86	47.9	6	15	158	0.00	30.093	0	0.000	-100000.0
20101201 06:50	51.9	51.9	51.9	86	47.8	6	15	158	0.00	30.093	0	0.000	-100000.0
20101201 06:55	51.8	51.8	51.8	87	48.1	4	11	158	0.00	30.093	0	0.000	-100000.0
20101201 07:00	51.9	51.9	51.9	86	47.8	6	17	135	0.00	30.089	0	0.001	-100000.0
20101201 07:05	52.0	52.0	52.0	86	47.9	5	11	158	0.00	30.089	0	0.000	-100000.0
20101201 07:10	52.2	52.2	52.2	86	48.1	8	16	158	0.00	30.089	0	0.000	-100000.0
20101201 07:15	52.3	52.3	52.3	86	48.2	9	21	135	0.00	30.080	0	0.000	-100000.0
20101201 07:20	52.5	52.5	52.5	86	48.4	10	19	158	0.00	30.080	1	0.000	-100000.0
20101201 07:25	52.7	52.7	52.7	86	48.6	11	22	135	0.00	30.080	5	0.000	-100000.0
20101201 07:30	53.0	53.0	53.0	86	48.9	10	21	135	0.00	30.068	5	0.000	-100000.0
20101201 07:35	53.2	53.2	53.2	86	49.1	10	19	135	0.00	30.068	7	0.000	-100000.0
20101201 07:40	53.4	53.4	53.4	85	49.0	10	18	135	0.00	30.068	10	0.000	-100000.0
20101201 07:45	53.5	53.5	53.5	86	49.4	7	16	158	0.00	30.060	10	0.000	-100000.0
20101201 07:50	53.7	53.7	53.7	86	49.6	7	18	158	0.00	30.060	9	0.000	-100000.0
20101201 07:55	53.9	53.9	53.9	85	49.5	12	19	135	0.00	30.060	12	0.000	-100000.0
20101201 08:00	54.1	54.1	54.1	85	49.7	11	23	158	0.00	30.046	16	0.001	-100000.0
20101201 08:05	54.2	54.2	54.2	85	49.8	9	17	158	0.00	30.046	13	0.000	-100000.0
20101201 08:10	54.4	54.4	54.4	85	50.0	10	18	158	0.00	30.046	12	0.000	-100000.0
20101201 08:15	54.5	54.5	54.5	85	50.1	10	29	158	0.00	30.047	9	0.000	-100000.0
20101201 08:20	54.7	54.7	54.7	85	50.3	12	29	135	0.00	30.047	10	0.000	-100000.0
20101201 08:25	54.7	54.7	54.7	85	50.3	10	21	158	0.00	30.047	18	0.000	-100000.0
20101201 08:30	54.6	54.6	54.6	85	50.2	9	18	135	0.00	30.029	18	0.000	-100000.0
20101201 08:35	54.8	54.8	54.8	85	50.4	11	20	158	0.00	30.029	16	0.000	-100000.0
20101201 08:40	54.8	54.8	54.8	85	50.4	10	23	158	0.00	30.029	22	0.000	-100000.0
20101201 08:45	55.0	55.0	55.0	85	50.6	12	26	158	0.00	30.026	37	0.000	-100000.0
20101201 08:50	55.1	55.1	55.1	85	50.7	9	17	158	0.00	30.026	52	0.000	-100000.0
20101201 08:55	55.3	55.3	55.3	84	50.5	10	19	158	0.00	30.026	33	0.000	-100000.0
20101201 09:00	55.4	55.4	55.4	84	50.6	12	23	158	0.00	30.015	35	0.002	-100000.0
20101201 09:05	55.4	55.4	55.4	84	50.6	10	20	135	0.00	30.015	39	0.000	-100000.0
20101201 09:10	55.5	55.5	55.5	84	50.7	10	24	135	0.00	30.015	40	0.000	-100000.0
20101201 09:15	55.5	55.5	55.5	84	50.7	10	18	158	0.00	30.005	32	0.000	-100000.0
20101201 09:20	55.5	55.5	55.5	85	51.1	13	27	158	0.00	30.005	52	0.000	-100000.0
20101201 09:25	55.6	55.6	55.6	85	51.2	11	23	158	0.00	30.005	53	0.000	-100000.0
20101201 09:30	55.7	55.7	55.7	85	51.3	14	27	158	0.00	30.004	59	0.000	-100000.0
20101201 09:35	55.8	55.8	55.8	85	51.4	10	23	158	0.00	30.004	51	0.000	-100000.0
20101201 09:40	55.9	55.9	55.9	85	51.5	14	31	135	0.00	30.004	59	0.000	-100000.0
20101201 09:45	56.0	56.0	56.0	84	51.2	11	22	135	0.00	29.995	66	0.000	-100000.0
20101201 09:50	56.1	56.1	56.1	84	51.3	13	25	135	0.00	29.995	73	0.000	-100000.0
20101201 09:55	56.3	56.3	56.3	84	51.5	13	29	135	0.00	29.995	103	0.000	-100000.0
20101201 10:00	56.5	56.5	56.5	83	51.4	13	27	135	0.00	29.983	74	0.003	-100000.0
20101201 10:05	56.6	56.6	56.6	83	51.5	14	28	158	0.00	29.983	71	0.000	-100000.0
20101201 10:10	56.6	56.6	56.6	83	51.5	12	29	135	0.00	29.983	80	0.000	-100000.0
20101201 10:15	56.4	56.4	56.4	84	51.6	14	32	158	0.00	29.965	62	0.000	-100000.0
20101201 10:20	56.3	56.3	56.3	84	51.5	14	23	158	0.00	29.965	71	0.000	-100000.0
20101201 10:25	56.3	56.3	56.3	84	51.5	14	29	135	0.00	29.965	75	0.000	-100000.0
20101201 10:30	56.3	56.3	56.3	85	51.8	12	26	158	0.00	29.953	87	0.000	-100000.0
20101201 10:35	56.3	56.3	56.3	85	51.8	13	25	135	0.00	29.953	83	0.000	-100000.0
20101201 10:40	56.3	56.3	56.3	85	51.8	14	26	158	0.00	29.953	91	0.000	-100000.0
20101201 10:45	56.3	56.3	56.3	85	51.8	16	27	158	0.00	29.935	80	0.000	-100000.0
20101201 10:50	56.3	56.3	56.3	85	51.8	13	23	135	0.00	29.935	68	0.000	-100000.0
20101201 10:55	56.4	56.4	56.4	85	51.9	11	24	135	0.00	29.935	83	0.000	-100000.0
20101201 11:00	56.4	56.4	56.4	85	51.9	12	22	158	0.00	29.919	120	0.003	-100000.0
20101201 11:05	56.4	56.4	56.4	85	51.9	12	25	158	0.00	29.919	94	0.000	-100000.0
20101201 11:10	56.4	56.4	56.4	85	51.9	9	17	158	0.00	29.919	99	0.000	-100000.0
20101201 11:15	56.6	56.6	56.6	85	52.1	11	21	158	0.00	29.906	96	0.000	-100000.0
20101201 11:20	56.7	56.7	56.7	84	51.9	15	33	158	0.00	29.906	66	0.000	-100000.0
20101201 11:25	56.9	56.9	56.9	84	52.1	12	24	135	0.00	29.906	105	0.000	-100000.0
20101201 11:30	57.1	57.1	57.1	83	52.0	14	27	158	0.00	29.897	104	0.000	-100000.0
20101201 11:35	57.1	57.1	57.1	83	52.0	13	26	158	0.00	29.897	101	0.000	-100000.0
20101201 11:40	57.2	57.2	57.2	83	52.1	11	19	158	0.00	29.897	100	0.000	-100000.0
20101201 11:45	57.3	57.3	57.3	82	51.9	10	29	135	0.00	29.873	92	0.000	-100000.0
20101201 11:50	57.5	57.5	57.5	81	51.7	14	29	135	0.00	29.873	86	0.000	-100000.0
20101201 11:55	57.6	57.6	57.6	81	51.8	12	21	158	0.00	29.873	81	0.000	-100000.0
20101201 12:00	57.6	57.6	57.6	81	51.8	13	28	135	0.00	29.861	106	0.003	-100000.0
20101201 12:05	57.7	57.7	57.7	81	51.9	15	29	135	0.00	29.861	96	0.000	-100000.0
20101201 12:10	57.6	57.6	57.6	82	52.1	12	22	158	0.00	29.861	73	0.000	-100000.0
20101201 12:15	57.4	57.4	57.4	83	52.3	10	25	158	0.00	29.849	95	0.000	-100000.0
20101201 12:20	57.3	57.3	57.3	84	52.5	13	23	158	0.00	29.849	93	0.000	-100000.0
20101201 12:25	57.2	57.2	57.2	85	52.7	14	26	158	0.01	29.849	68	0.000	-100000.0
20101201 12:30	57.2	57.2	57.2	85	52.7	16	24	135	0.00	29.835	73	0.000	-100000.0
20101201 12:35	57.0	57.0	57.0	86	52.9	12	22	135	0.00	29.835	59	0.000	-100000.0
20101201 12:40	56.8	56.8	56.8	87	53.0	12	28	158	0.02	29.835	55	0.000	-100000.0
20101201 12:45	56.7	56.7	56.7	87	52.9	12	22	158	0.01	29.810	56	0.000	-100000.0
20101201 12:50	56.8	56.8	56.8	88	53.3	11	20	158	0.01	29.810	55	0.000	-100000.0
20101201 12:55	56.8	56.8	56.8	88	53.3	13	24	158	0.01	29.810	34	0.000	-100000.0
20101201 13:00	56.8	56.8	56.8	88	53.3	13	23	135	0.00	29.803	42	0.003	-100000.0
20101201 13:05	56.7	56.7	56.7	88	53.2	15	23	135	0.01	29.803	40	0.000	-100000.0
20101201 13:10	56.7	56.7	56.7	88	53.2	13	29	135	0.00	29.803	43	0.000	-100000.0
20101201 13:15	56.8	56.8	56.8	88	53.3	14	25	135	0.00	29.779	40	0.000	-100000.0
20101201 13:20	56.9	56.9	56.9	88	53.4	14	25	135	0.00	29.779	42	0.000	-100000.0
20101201 13:25	57.0	57.0	57.0	88	53.5	12	28	135	0.00	29.779	39	0.000	-100000.0
20101201 13:30	57.0	57.0	57.0	88	53.5	14	30	135	0.00	29.748	43	0.000	-100000.0
20101201 13:35	57.0	57.0	57.0	88	53.5	9	19	135	0.00	29.748	33	0.000	-100000.0
20101201 13:40	56.9	56.9	56.9	88	53.4	12	26	158	0.01	29.748	23	0.000	-100000.0
20101201 13:45	57.0	57.0	57.0	89	53.8	14	26	158	0.00	29.742	24	0.000	-100000.0
20101201 13:50	56.8	56.8	56.8	89	53.6	11	21	158	0.02	29.742	22	0.000	-100000.0
20101201 13:55	56.7	56.7	56.7	90	53.8	12	25	158	0.02	29.742	39	0.000	-100000.0
20101201 14:00	56.8	56.8	56.8	90	53.9	12	23	158	0.01	29.736	35	0.002	-100000.0
20101201 14:05	56.7	56.7	56.7	91	54.1	10	23	158	0.03	29.736	31	0.000	-100000.0
20101201 14:10	56.7	56.7	56.7	91	54.1	12	26	158	0.02	29.736	30	0.000	-100000.0
20101201 14:15	56.7	56.7	56.7	91	54.1	9	23	158	0.03	29.725	35	0.000	-100000.0
20101201 14:20	56.6	56.6	56.6	91	54.0	9	17	158	0.03	29.725	22	0.000	-100000.0
20101201 14:25	56.6	56.6	56.6	92	54.3	7	19	158	0.03	29.725	21	0.000	-100000.0
20101201 14:30	56.6	56.6	56.6	92	54.3	12	27	158	0.01	29.705	20	0.000	-100000.0
20101201 14:35	56.7	56.7	56.7	92	54.4	9	23	158	0.00	29.705	31	0.000	-100000.0
20101201 14:40	56.9	56.9	56.9	92	54.6	9	25	135	0.00	29.705	23	0.000	-100000.0
20101201 14:45	57.3	57.3	57.3	91	54.7	11	24	158	0.00	29.694	24	0.000	-100000.0
20101201 14:50	57.4	57.4	57.4	90	54.5	9	22	158	0.01	29.694	30	0.000	-100000.0
20101201 14:55	57.5	57.5	57.5	90	54.6	10	26	158	0.00	29.694	26	0.000	-100000.0
20101201 15:00	57.5	57.5	57.5	90	54.6	10	29	180	0.01	29.684	20	0.001	-100000.0
20101201 15:05	57.5	57.5	57.5	90	54.6	9	23	158	0.01	29.684	11	0.000	-100000.0
20101201 15:10	57.6	57.6	57.6	90	54.7	11	20	180	0.00	29.684	11	0.000	-100000.0
20101201 15:15	57.6	57.6	57.6	91	55.0	10	26	180	0.01	29.681	11	0.000	-100000.0
20101201 15:20	57.7	57.7	57.7	91	55.1	16	27	158	0.01	29.681	9	0.000	-100000.0
20101201 15:25	57.8	57.8	57.8	91	55.2	12	28	158	0.00	29.681	3	0.000	-100000.0
20101201 15:30	58.0	58.0	58.0	90	55.1	10	27	158	0.00	29.671	0	0.000	-100000.0
20101201 15:35	57.8	57.8	57.8	91	55.2	6	23	180	0.00	29.671	5	0.000	-100000.0
20101201 15:40	58.2	58.2	58.2	90	55.3	11	22	158	0.00	29.671	6	0.000	-100000.0
20101201 15:45	58.5	58.5	58.5	89	55.3	14	26	158	0.00	29.654	3	0.000	-100000.0
20101201 15:50	58.6	58.6	58.6	89	55.4	13	29	158	0.00	29.654	0	0.000	-100000.0
20101201 15:55	59.0	59.0	59.0	88	55.4	17	31	158	0.00	29.654	0	0.000	-100000.0
20101201 16:00	58.8	58.8	58.8	89	55.6	14	29	158	0.01	29.646	0	0.001	-100000.0
20101201 16:05	58.6	58.6	58.6	89	55.4	13	30	158	0.01	29.646	0	0.000	-100000.0
20101201 16:10	58.3	58.3	58.3	90	55.4	13	28	158	0.04	29.646	0	0.000	-100000.0
20101201 16:15	58.4	58.4	58.4	90	55.5	15	29	158	0.02	29.635	0	0.000	-100000.0
20101201 16:20	58.4	58.4	58.4	90	55.5	13	31	158	0.00	29.635	0	0.000	-100000.0
20101201 16:25	58.4	58.4	58.4	90	55.5	13	31	158	0.01	29.635	0	0.000	-100000.0
20101201 16:30	58.7	58.7	58.7	90	55.8	14	29	158	0.00	29.625	0	0.000	-100000.0
20101201 16:35	58.9	58.9	58.9	90	56.0	13	29	158	0.01	29.625	0	0.000	-100000.0
20101201 16:40	59.0	59.0	59.0	89	55.8	17	33	158	0.00	29.625	0	0.000	-100000.0
20101201 16:45	59.0	59.0	59.0	90	56.1	15	30	158	0.00	29.616	0	0.000	-100000.0
20101201 16:50	59.0	59.0	59.0	90	56.1	15	30	158	0.00	29.616	0	0.000	-100000.0
20101201 16:55	59.0	59.0	59.0	90	56.1	17	33	158	0.01	29.616	0	0.000	-100000.0
20101201 17:00	59.0	59.0	59.0	90	56.1	15	31	158	0.02	29.601	0	0.001	-100000.0
20101201 17:05	59.0	59.0	59.0	90	56.1	14	25	158	0.02	29.601	0	0.000	-100000.0
20101201 17:10	59.0	59.0	59.0	90	56.1	16	30	158	0.01	29.601	0	0.000	-100000.0
20101201 17:15	59.0	59.0	59.0	90	56.1	13	24	158	0.02	29.587	0	0.000	-100000.0
20101201 17:20	59.0	59.0	59.0	90	56.1	14	28	158	0.04	29.587	0	0.000	-100000.0
20101201 17:25	59.0	59.0	59.0	90	56.1	16	27	135	0.03	29.587	0	0.000	-100000.0
20101201 17:30	59.0	59.0	59.0	90	56.1	14	31	158	0.05	29.589	0	0.000	-100000.0
20101201 17:35	59.0	59.0	59.0	91	56.4	7	18	225	0.05	29.589	0	0.000	-100000.0
20101201 17:40	58.6	58.6	58.6	92	56.3	8	19	225	0.08	29.589	0	0.000	-100000.0
20101201 17:45	58.3	58.3	58.3	93	56.3	6	14	202	0.10	29.634	0	0.000	-100000.0
20101201 17:50	58.2	58.2	58.2	94	56.5	5	13	202	0.03	29.634	0	0.000	-100000.0
20101201 17:55	58.2	58.2	58.2	94	56.5	5	12	202	0.01	29.634	0	0.000	-100000.0
20101201 18:00	58.4	58.4	58.4	95	57.0	6	15	202	0.03	29.637	0	0.001	-100000.0
20101201 18:05	58.5	58.5	58.5	95	57.1	6	15	180	0.03	29.637	0	0.000	-100000.0
20101201 18:10	58.7	58.7	58.7	94	57.0	8	20	202	0.03	29.637	0	0.000	-100000.0
20101201 18:15	58.7	58.7	58.7	94	57.0	7	17	202	0.03	29.633	0	0.000	-100000.0
20101201 18:20	58.8	58.8	58.8	94	57.1	7	20	202	0.01	29.633	0	0.000	-100000.0
20101201 18:25	59.0	59.0	59.0	95	57.6	8	17	202	0.01	29.633	0	0.000	-100000.0
20101201 18:30	59.0	59.0	59.0	95	57.6	8	16	202	0.02	29.635	0	0.000	-100000.0
20101201 18:35	58.2	58.2	58.2	93	56.2	8	21	225	0.02	29.635	0	0.000	-100000.0
20101201 18:40	53.7	53.7	53.7	88	50.2	16	28	270	0.00	29.635	0	0.000	-100000.0
20101201 18:45	51.8	51.8	51.8	90	49.0	12	19	270	0.01	29.684	0	0.000	-100000.0
20101201 18:50	50.7	50.7	50.7	91	48.2	10	19	270	0.01	29.684	0	0.000	-100000.0
20101201 18:55	49.8	45.8	49.8	91	47.3	10	16	270	0.00	29.684	0	0.000	-100000.0
20101201 19:00	48.8	44.5	48.8	91	46.3	10	16	270	0.01	29.706	0	0.001	-100000.0
20101201 19:05	48.1	45.4	48.1	91	45.6	6	13	292	0.01	29.706	0	0.000	-100000.0
20101201 19:10	47.5	44.7	47.5	91	45.0	6	11	270	0.01	29.706	0	0.000	-100000.0
20101201 19:15	47.2	47.2	47.2	92	45.0	3	10	270	0.00	29.703	0	0.000	-100000.0
20101201 19:20	47.0	47.0	47.0	92	44.8	2	6	248	0.01	29.703	0	0.000	-100000.0
20101201 19:25	46.9	46.9	46.9	92	44.7	2	6	248	0.01	29.703	0	0.000	-100000.0
20101201 19:30	46.7	46.7	46.7	92	44.5	2	6	225	0.01	29.736	0	0.000	-100000.0
20101201 19:35	46.3	46.3	46.3	92	44.1	3	6	225	0.00	29.736	0	0.000	-100000.0
20101201 19:40	45.9	45.9	45.9	92	43.7	1	5	225	0.01	29.736	0	0.000	-100000.0
20101201 19:45	45.6	45.6	45.6	93	43.7	3	7	225	0.00	29.711	0	0.000	-100000.0
20101201 19:50	45.4	45.4	45.4	93	43.5	1	6	248	0.00	29.711	0	0.000	-100000.0
20101201 19:55	45.1	45.1	45.1	93	43.2	3	6	248	0.00	29.711	0	0.000	-100000.0
20101201 20:00	45.0	45.0	45.0	93	43.1	2	6	248	0.00	29.718	0	0.000	-100000.0
20101201 20:05	44.8	44.8	44.8	92	42.6	2	6	225	0.00	29.718	0	0.000	-100000.0
20101201 20:10	44.6	44.6	44.6	92	42.4	1	4	225	0.00	29.718	0	0.000	-100000.0
20101201 20:15	44.4	44.4	44.4	92	42.2	1	4	225	0.01	29.730	0	0.000	-100000.0
20101201 20:20	44.2	44.2	44.2	92	42.0	1	4	225	0.00	29.730	0	0.000	-100000.0
20101201 20:25	44.1	44.1	44.1	93	42.2	2	5	225	0.00	29.730	0	0.000	-100000.0
20101201 20:30	43.9	41.8	43.9	92	41.7	4	7	270	0.00	29.747	0	0.000	-100000.0
20101201 20:35	43.7	43.7	43.7	92	41.5	2	4	270	0.00	29.747	0	0.000	-100000.0
20101201 20:40	43.4	43.4	43.4	92	41.2	2	5	270	0.00	29.747	0	0.000	-100000.0
20101201 20:45	43.2	43.2	43.2	92	41.0	3	6	270	0.00	29.747	0	0.000	-100000.0
20101201 20:50	42.9	42.9	42.9	92	40.7	3	6	292	0.00	29.747	0	0.000	-100000.0
20101201 20:55	42.7	40.4	42.7	92	40.5	4	9	270	0.00	29.747	0	0.000	-100000.0
20101201 21:00	42.7	40.4	42.7	91	40.3	4	8	270	0.00	29.764	0	0.000	-100000.0
20101201 21:05	42.6	40.3	42.6	91	40.2	4	8	270	0.00	29.764	0	0.000	-100000.0
20101201 21:10	42.5	42.5	42.5	91	40.1	3	7	292	0.00	29.764	0	0.000	-100000.0
20101201 21:15	42.4	42.4	42.4	91	40.0	3	9	292	0.00	29.754	0	0.000	-100000.0
20101201 21:20	42.0	39.6	42.0	90	39.3	4	10	0	0.00	29.754	0	0.000	-100000.0
20101201 21:25	41.8	41.8	41.8	89	38.8	3	6	338	0.00	29.754	0	0.000	-100000.0
20101201 21:30	41.6	39.2	41.6	89	38.6	4	9	22	0.00	29.773	0	0.000	-100000.0
20101201 21:35	41.4	38.9	41.4	88	38.1	4	7	338	0.00	29.773	0	0.000	-100000.0
20101201 21:40	41.3	41.3	41.3	88	38.0	3	6	315	0.00	29.773	0	0.000	-100000.0
20101201 21:45	41.2	37.2	41.2	86	37.3	6	14	315	0.00	29.765	0	0.000	-100000.0
20101201 21:50	41.2	38.7	41.2	85	37.0	4	11	270	0.00	29.765	0	0.000	-100000.0
20101201 21:55	41.1	41.1	41.1	85	36.9	2	7	270	0.00	29.765	0	0.000	-100000.0
20101201 22:00	41.1	41.1	41.1	86	37.2	1	3	270	0.00	29.780	0	0.000	-100000.0
20101201 22:05	40.8	40.8	40.8	85	36.6	2	5	338	0.00	29.780	0	0.000	-100000.0
20101201 22:10	40.5	40.5	40.5	84	36.1	3	7	338	0.00	29.780	0	0.000	-100000.0
20101201 22:15	40.2	40.2	40.2	84	35.8	2	9	315	0.00	29.794	0	0.000	-100000.0
20101201 22:20	39.9	36.4	39.9	82	34.9	5	9	0	0.00	29.794	0	0.000	-100000.0
20101201 22:25	39.8	36.2	39.8	81	34.5	5	11	338	0.00	29.794	0	0.000	-100000.0
20101201 22:30	39.7	37.0	39.7	81	34.4	4	9	338	0.00	29.795	0	0.000	-100000.0
20101201 22:35	39.5	39.5	39.5	80	33.9	3	6	338	0.00	29.795	0	0.000	-100000.0
20101201 22:40	39.3	39.3	39.3	81	34.0	3	6	338	0.00	29.795	0	0.000	-100000.0
20101201 22:45	39.2	39.2	39.2	81	33.9	3	7	0	0.00	29.809	0	0.000	-100000.0
20101201 22:50	39.1	39.1	39.1	80	33.5	3	7	0	0.00	29.809	0	0.000	-100000.0
20101201 22:55	38.9	38.9	38.9	81	33.6	2	6	338	0.00	29.809	0	0.000	-100000.0
20101201 23:00	38.7	38.7	38.7	80	33.1	3	7	0	0.00	29.813	0	0.001	-100000.0
20101201 23:05	38.6	35.7	38.6	80	33.0	4	9	338	0.00	29.813	0	0.000	-100000.0
20101201 23:10	38.5	38.5	38.5	80	32.9	3	6	315	0.00	29.813	0	0.000	-100000.0
20101201 23:15	38.5	38.5	38.5	79	32.6	1	6	338	0.00	29.819	0	0.000	-100000.0
20101201 23:20	38.5	38.5	38.5	80	32.9	2	6	22	0.00	29.819	0	0.000	-100000.0
20101201 23:25	38.4	38.4	38.4	79	32.5	2	5	22	0.00	29.819	0	0.000	-100000.0
20101201 23:30	38.4	38.4	38.4	79	32.5	3	7	22	0.00	29.826	0	0.000	-100000.0
20101201 23:35	38.3	38.3	38.3	79	32.4	1	5	22	0.00	29.826	0	0.000	-100000.0
20101201 23:40	38.3	38.3	38.3	79	32.4	2	5	22	0.00	29.826	0	0.000	-100000.0
20101201 23:45	38.3	38.3	38.3	79	32.4	1	5	22	0.00	29.833	0	0.000	-100000.0
20101201 23:50	38.2	38.2	38.2	79	32.3	1	5	22	0.00	29.833	0	0.000	-100000.0
20101201 23:55	38.2	38.2	38.2	79	32.3	2	4	22	0.00	29.833	0	0.000	-100000.0
