--Timestamp---	Temp	Chill	HIndex	Humid	Dewpt	 Wind 	HiWind	WindDir	Rain 	Barom	Solar	 ET  	 UV 
--------------	----	-----	------	-----	-----	------	------	-------	-----	-----	-----	-----	----
20090519 00:00	42.3	42.3	42.3	87	38.7	0	0	-100000	0.00	30.399	0	0.000	-100000.0
20090519 00:05	42.1	42.1	42.1	87	38.5	0	0	-100000	0.00	30.399	0	0.000	-100000.0
20090519 00:10	41.9	41.9	41.9	88	38.6	0	0	-100000	0.00	30.399	0	0.000	-100000.0
20090519 00:15	41.7	41.7	41.7	88	38.4	0	0	-100000	0.00	30.400	0	0.000	-100000.0
20090519 00:20	41.4	41.4	41.4	88	38.1	0	0	-100000	0.00	30.400	0	0.000	-100000.0
20090519 00:25	41.2	41.2	41.2	88	37.9	0	0	-100000	0.00	30.400	0	0.000	-100000.0
20090519 00:30	40.8	40.8	40.8	88	37.5	0	0	-100000	0.00	30.399	0	0.000	-100000.0
20090519 00:35	40.5	40.5	40.5	89	37.5	0	0	-100000	0.00	30.399	0	0.000	-100000.0
20090519 00:40	40.5	40.5	40.5	89	37.5	0	0	-100000	0.00	30.399	0	0.000	-100000.0
20090519 00:45	40.4	40.4	40.4	89	37.4	0	0	-100000	0.00	30.395	0	0.000	-100000.0
20090519 00:50	40.1	40.1	40.1	89	37.1	0	1	0	0.00	30.395	0	0.000	-100000.0
20090519 00:55	39.7	39.7	39.7	90	37.0	0	0	-100000	0.00	30.395	0	0.000	-100000.0
20090519 01:00	39.4	39.4	39.4	90	36.7	0	1	0	0.00	30.400	0	0.000	-100000.0
20090519 01:05	39.2	39.2	39.2	90	36.5	0	1	0	0.00	30.400	0	0.000	-100000.0
20090519 01:10	39.2	39.2	39.2	91	36.8	0	1	0	0.00	30.400	0	0.000	-100000.0
20090519 01:15	39.1	39.1	39.1	91	36.7	0	1	0	0.00	30.400	0	0.000	-100000.0
20090519 01:20	39.1	39.1	39.1	91	36.7	0	3	22	0.00	30.400	0	0.000	-100000.0
20090519 01:25	39.2	39.2	39.2	91	36.8	0	2	22	0.00	30.400	0	0.000	-100000.0
20090519 01:30	39.3	39.3	39.3	90	36.6	0	2	45	0.00	30.401	0	0.000	-100000.0
20090519 01:35	39.3	39.3	39.3	90	36.6	0	1	68	0.00	30.401	0	0.000	-100000.0
20090519 01:40	39.4	39.4	39.4	89	36.4	1	2	68	0.00	30.401	0	0.000	-100000.0
20090519 01:45	39.6	39.6	39.6	89	36.6	1	2	90	0.00	30.405	0	0.000	-100000.0
20090519 01:50	39.7	39.7	39.7	88	36.4	0	1	90	0.00	30.405	0	0.000	-100000.0
20090519 01:55	39.6	39.6	39.6	88	36.3	0	0	-100000	0.00	30.405	0	0.000	-100000.0
20090519 02:00	39.3	39.3	39.3	88	36.0	0	0	-100000	0.00	30.405	0	0.000	-100000.0
20090519 02:05	39.1	39.1	39.1	88	35.9	0	0	-100000	0.00	30.405	0	0.000	-100000.0
20090519 02:10	38.9	38.9	38.9	89	35.9	0	0	-100000	0.00	30.405	0	0.000	-100000.0
20090519 02:15	38.6	38.6	38.6	89	35.6	0	0	-100000	0.00	30.414	0	0.000	-100000.0
20090519 02:20	38.2	38.2	38.2	90	35.5	0	0	-100000	0.00	30.414	0	0.000	-100000.0
20090519 02:25	37.9	37.9	37.9	90	35.2	0	0	-100000	0.00	30.414	0	0.000	-100000.0
20090519 02:30	37.6	37.6	37.6	90	34.9	0	0	-100000	0.00	30.412	0	0.000	-100000.0
20090519 02:35	37.3	37.3	37.3	91	34.9	0	1	90	0.00	30.412	0	0.000	-100000.0
20090519 02:40	37.1	37.1	37.1	91	34.7	0	0	-100000	0.00	30.412	0	0.000	-100000.0
20090519 02:45	37.2	37.2	37.2	92	35.1	0	1	90	0.00	30.417	0	0.000	-100000.0
20090519 02:50	37.0	37.0	37.0	92	34.9	0	0	-100000	0.00	30.417	0	0.000	-100000.0
20090519 02:55	37.1	37.1	37.1	92	35.0	0	0	-100000	0.00	30.417	0	0.000	-100000.0
20090519 03:00	37.0	37.0	37.0	92	34.9	0	0	-100000	0.00	30.418	0	0.000	-100000.0
20090519 03:05	36.8	36.8	36.8	92	34.7	0	0	-100000	0.00	30.418	0	0.000	-100000.0
20090519 03:10	37.0	37.0	37.0	93	35.2	0	1	90	0.00	30.418	0	0.000	-100000.0
20090519 03:15	36.8	36.8	36.8	92	34.7	0	1	90	0.00	30.421	0	0.000	-100000.0
20090519 03:20	37.0	37.0	37.0	93	35.2	0	0	-100000	0.00	30.421	0	0.000	-100000.0
20090519 03:25	37.1	37.1	37.1	93	35.3	0	0	-100000	0.00	30.421	0	0.000	-100000.0
20090519 03:30	37.0	37.0	37.0	93	35.2	0	0	-100000	0.00	30.426	0	0.000	-100000.0
20090519 03:35	36.9	36.9	36.9	93	35.1	0	0	-100000	0.00	30.426	0	0.000	-100000.0
20090519 03:40	36.8	36.8	36.8	93	35.0	0	0	-100000	0.00	30.426	0	0.000	-100000.0
20090519 03:45	36.8	36.8	36.8	93	35.0	0	0	-100000	0.00	30.421	0	0.000	-100000.0
20090519 03:50	36.8	36.8	36.8	93	35.0	0	0	-100000	0.00	30.421	0	0.000	-100000.0
20090519 03:55	36.7	36.7	36.7	93	34.9	0	1	90	0.00	30.421	0	0.000	-100000.0
20090519 04:00	36.4	36.4	36.4	93	34.6	0	0	-100000	0.00	30.422	0	0.000	-100000.0
20090519 04:05	36.1	36.1	36.1	93	34.3	0	0	-100000	0.00	30.422	0	0.000	-100000.0
20090519 04:10	36.1	36.1	36.1	93	34.3	0	0	-100000	0.00	30.422	0	0.000	-100000.0
20090519 04:15	35.6	35.6	35.6	93	33.8	0	0	-100000	0.00	30.429	0	0.000	-100000.0
20090519 04:20	35.3	35.3	35.3	93	33.5	0	0	-100000	0.00	30.429	0	0.000	-100000.0
20090519 04:25	35.0	35.0	35.0	93	33.2	0	0	-100000	0.00	30.429	0	0.000	-100000.0
20090519 04:30	34.8	34.8	34.8	93	33.0	0	1	90	0.00	30.428	0	0.000	-100000.0
20090519 04:35	34.6	34.6	34.6	93	32.8	0	0	-100000	0.00	30.428	0	0.000	-100000.0
20090519 04:40	34.4	34.4	34.4	93	32.6	0	0	-100000	0.00	30.428	0	0.000	-100000.0
20090519 04:45	34.4	34.4	34.4	93	32.6	0	1	90	0.00	30.434	0	0.000	-100000.0
20090519 04:50	34.4	34.4	34.4	94	32.9	0	1	90	0.00	30.434	0	0.000	-100000.0
20090519 04:55	34.4	34.4	34.4	94	32.9	0	0	-100000	0.00	30.434	0	0.000	-100000.0
20090519 05:00	34.2	34.2	34.2	94	32.7	0	0	-100000	0.00	30.436	0	0.000	-100000.0
20090519 05:05	34.1	34.1	34.1	94	32.6	0	0	-100000	0.00	30.436	0	0.000	-100000.0
20090519 05:10	34.1	34.1	34.1	94	32.6	0	0	-100000	0.00	30.436	0	0.000	-100000.0
20090519 05:15	34.3	34.3	34.3	94	32.8	0	1	90	0.00	30.446	0	0.000	-100000.0
20090519 05:20	34.4	34.4	34.4	94	32.9	0	2	90	0.00	30.446	0	0.000	-100000.0
20090519 05:25	34.7	34.7	34.7	94	33.2	0	2	68	0.00	30.446	0	0.000	-100000.0
20090519 05:30	34.6	34.6	34.6	94	33.1	0	0	-100000	0.00	30.451	2	0.000	-100000.0
20090519 05:35	34.5	34.5	34.5	94	33.0	0	1	68	0.00	30.451	6	0.000	-100000.0
20090519 05:40	35.0	35.0	35.0	94	33.5	0	1	68	0.00	30.451	10	0.000	-100000.0
20090519 05:45	35.0	35.0	35.0	94	33.5	0	0	-100000	0.00	30.457	12	0.000	-100000.0
20090519 05:50	34.8	34.8	34.8	94	33.3	0	0	-100000	0.00	30.457	16	0.000	-100000.0
20090519 05:55	34.4	34.4	34.4	93	32.6	0	0	-100000	0.00	30.457	19	0.000	-100000.0
20090519 06:00	34.2	34.2	34.2	93	32.4	0	0	-100000	0.00	30.465	30	0.000	-100000.0
20090519 06:05	34.4	34.4	34.4	94	32.9	0	0	-100000	0.00	30.465	40	0.000	-100000.0
20090519 06:10	34.4	34.4	34.4	94	32.9	0	0	-100000	0.00	30.465	49	0.000	-100000.0
20090519 06:15	34.4	34.4	34.4	94	32.9	0	0	-100000	0.00	30.471	61	0.000	-100000.0
20090519 06:20	34.7	34.7	34.7	94	33.2	0	0	-100000	0.00	30.471	73	0.000	-100000.0
20090519 06:25	35.0	35.0	35.0	94	33.5	0	0	-100000	0.00	30.471	86	0.000	-100000.0
20090519 06:30	35.5	35.5	35.5	94	33.9	0	0	-100000	0.00	30.480	101	0.000	-100000.0
20090519 06:35	36.0	36.0	36.0	94	34.4	0	1	68	0.00	30.480	117	0.000	-100000.0
20090519 06:40	36.2	36.2	36.2	93	34.4	0	0	-100000	0.00	30.480	131	0.000	-100000.0
20090519 06:45	36.7	36.7	36.7	93	34.9	0	0	-100000	0.00	30.493	146	0.000	-100000.0
20090519 06:50	36.8	36.8	36.8	92	34.7	0	1	68	0.00	30.493	162	0.000	-100000.0
20090519 06:55	36.9	36.9	36.9	92	34.8	0	0	-100000	0.00	30.493	179	0.000	-100000.0
20090519 07:00	37.5	37.5	37.5	93	35.7	0	1	68	0.00	30.506	194	0.002	-100000.0
20090519 07:05	37.9	37.9	37.9	92	35.8	0	1	68	0.00	30.506	209	0.000	-100000.0
20090519 07:10	38.2	38.2	38.2	92	36.1	0	1	68	0.00	30.506	224	0.000	-100000.0
20090519 07:15	38.3	38.3	38.3	92	36.2	0	1	68	0.00	30.513	236	0.000	-100000.0
20090519 07:20	38.5	38.5	38.5	91	36.1	0	1	68	0.00	30.513	251	0.000	-100000.0
20090519 07:25	38.8	38.8	38.8	91	36.4	0	2	90	0.00	30.513	265	0.000	-100000.0
20090519 07:30	39.1	39.1	39.1	91	36.7	1	3	202	0.00	30.522	280	0.000	-100000.0
20090519 07:35	39.4	39.4	39.4	91	37.0	1	2	225	0.00	30.522	295	0.000	-100000.0
20090519 07:40	40.2	40.2	40.2	90	37.5	0	1	225	0.00	30.522	311	0.000	-100000.0
20090519 07:45	40.9	40.9	40.9	88	37.6	0	2	225	0.00	30.521	327	0.000	-100000.0
20090519 07:50	41.0	41.0	41.0	87	37.4	0	2	225	0.00	30.521	342	0.000	-100000.0
20090519 07:55	41.1	41.1	41.1	87	37.5	1	2	225	0.00	30.521	357	0.000	-100000.0
20090519 08:00	41.5	41.5	41.5	87	37.9	0	1	225	0.00	30.525	376	0.004	-100000.0
20090519 08:05	42.1	42.1	42.1	87	38.5	1	2	225	0.00	30.525	397	0.000	-100000.0
20090519 08:10	42.5	42.5	42.5	85	38.3	1	2	225	0.00	30.525	415	0.000	-100000.0
20090519 08:15	43.0	43.0	43.0	84	38.5	0	2	225	0.00	30.535	431	0.000	-100000.0
20090519 08:20	43.6	43.6	43.6	82	38.5	1	3	225	0.00	30.535	447	0.000	-100000.0
20090519 08:25	43.9	43.9	43.9	82	38.8	1	2	225	0.00	30.535	462	0.000	-100000.0
20090519 08:30	44.8	44.8	44.8	81	39.3	0	2	225	0.00	30.539	478	0.000	-100000.0
20090519 08:35	45.0	45.0	45.0	79	38.9	1	3	225	0.00	30.539	492	0.000	-100000.0
20090519 08:40	45.4	45.4	45.4	80	39.6	1	3	225	0.00	30.539	507	0.000	-100000.0
20090519 08:45	46.0	46.0	46.0	79	39.9	0	2	225	0.00	30.539	525	0.000	-100000.0
20090519 08:50	46.4	46.4	46.4	77	39.6	1	3	225	0.00	30.539	542	0.000	-100000.0
20090519 08:55	46.8	46.8	46.8	76	39.6	1	2	225	0.00	30.539	558	0.000	-100000.0
20090519 09:00	47.6	47.6	47.6	75	40.1	1	3	225	0.00	30.538	572	0.008	-100000.0
20090519 09:05	48.2	48.2	48.2	73	40.0	1	3	225	0.00	30.538	588	0.000	-100000.0
20090519 09:10	48.6	48.6	48.6	70	39.3	1	2	225	0.00	30.538	602	0.000	-100000.0
20090519 09:15	49.4	49.4	49.4	70	40.0	0	1	225	0.00	30.537	617	0.000	-100000.0
20090519 09:20	49.9	49.9	49.9	68	39.8	2	3	225	0.00	30.537	631	0.000	-100000.0
20090519 09:25	50.2	50.2	50.2	65	38.9	2	3	292	0.00	30.537	645	0.000	-100000.0
20090519 09:30	50.8	50.8	50.8	65	39.5	1	3	270	0.00	30.526	660	0.000	-100000.0
20090519 09:35	51.0	51.0	51.0	63	38.9	2	4	270	0.00	30.526	674	0.000	-100000.0
20090519 09:40	51.5	51.5	51.5	63	39.3	1	3	270	0.00	30.526	687	0.000	-100000.0
20090519 09:45	52.2	52.2	52.2	62	39.6	2	6	248	0.00	30.521	701	0.000	-100000.0
20090519 09:50	52.7	52.7	52.7	59	38.8	2	3	270	0.00	30.521	713	0.000	-100000.0
20090519 09:55	53.5	53.5	53.5	59	39.5	1	3	248	0.00	30.521	727	0.000	-100000.0
20090519 10:00	53.9	53.9	53.9	59	39.9	2	5	270	0.00	30.515	740	0.012	-100000.0
20090519 10:05	54.2	54.2	54.2	58	39.7	2	4	270	0.00	30.515	752	0.000	-100000.0
20090519 10:10	54.8	54.8	54.8	54	38.5	2	4	270	0.00	30.515	765	0.000	-100000.0
20090519 10:15	55.8	55.8	55.8	51	37.9	1	3	225	0.00	30.509	776	0.000	-100000.0
20090519 10:20	56.6	56.6	56.6	48	37.1	2	4	202	0.00	30.509	789	0.000	-100000.0
20090519 10:25	57.7	57.7	57.7	49	38.7	0	3	202	0.00	30.509	801	0.000	-100000.0
20090519 10:30	58.1	58.1	58.1	44	36.3	1	3	225	0.00	30.506	813	0.000	-100000.0
20090519 10:35	57.2	57.2	57.2	44	35.5	3	5	248	0.00	30.506	823	0.000	-100000.0
20090519 10:40	56.9	56.9	56.9	44	35.2	1	4	270	0.00	30.506	830	0.000	-100000.0
20090519 10:45	57.5	57.5	57.5	46	36.9	1	3	225	0.00	30.496	841	0.000	-100000.0
20090519 10:50	59.0	59.0	59.0	42	35.9	1	5	225	0.00	30.496	849	0.000	-100000.0
20090519 10:55	59.3	59.3	59.3	34	30.9	2	6	90	0.00	30.496	858	0.000	-100000.0
20090519 11:00	60.2	60.2	60.2	38	34.5	1	3	90	0.00	30.492	867	0.017	-100000.0
20090519 11:05	59.8	59.8	59.8	38	34.1	2	4	248	0.00	30.492	878	0.000	-100000.0
20090519 11:10	60.2	60.2	60.2	36	33.1	1	3	180	0.00	30.492	885	0.000	-100000.0
20090519 11:15	59.8	59.8	59.8	36	32.8	2	4	292	0.00	30.486	893	0.000	-100000.0
20090519 11:20	59.9	59.9	59.9	38	34.2	1	3	270	0.00	30.486	899	0.000	-100000.0
20090519 11:25	60.4	60.4	60.4	39	35.3	2	5	202	0.00	30.486	907	0.000	-100000.0
20090519 11:30	60.5	60.5	60.5	38	34.8	3	6	202	0.00	30.476	914	0.000	-100000.0
20090519 11:35	61.2	61.2	61.2	40	36.7	2	5	158	0.00	30.476	922	0.000	-100000.0
20090519 11:40	61.3	61.3	61.3	38	35.5	2	7	225	0.00	30.476	928	0.000	-100000.0
20090519 11:45	61.2	61.2	61.2	39	36.0	1	5	202	0.00	30.474	934	0.000	-100000.0
20090519 11:50	61.5	61.5	61.5	39	36.3	1	5	225	0.00	30.474	940	0.000	-100000.0
20090519 11:55	61.7	61.7	61.7	36	34.5	1	4	225	0.00	30.474	944	0.000	-100000.0
20090519 12:00	61.2	61.2	61.2	37	34.7	2	4	248	0.00	30.463	949	0.020	-100000.0
20090519 12:05	61.3	61.3	61.3	37	34.8	1	4	338	0.00	30.463	953	0.000	-100000.0
20090519 12:10	62.4	62.4	62.4	38	36.5	1	6	68	0.00	30.463	955	0.000	-100000.0
20090519 12:15	63.1	63.1	63.1	39	37.7	3	11	202	0.00	30.459	959	0.000	-100000.0
20090519 12:20	63.0	63.0	63.0	37	36.3	3	7	225	0.00	30.459	964	0.000	-100000.0
20090519 12:25	63.5	63.5	63.5	36	36.1	1	5	180	0.00	30.459	967	0.000	-100000.0
20090519 12:30	64.1	64.1	64.1	39	38.6	1	5	248	0.00	30.447	968	0.000	-100000.0
20090519 12:35	63.9	63.9	63.9	37	37.1	3	6	225	0.00	30.447	968	0.000	-100000.0
20090519 12:40	63.3	63.3	63.3	38	37.3	3	7	248	0.00	30.447	970	0.000	-100000.0
20090519 12:45	64.1	64.1	64.1	39	38.6	3	10	202	0.00	30.444	971	0.000	-100000.0
20090519 12:50	64.6	64.6	64.6	37	37.7	3	10	270	0.00	30.444	972	0.000	-100000.0
20090519 12:55	64.5	64.5	64.5	40	39.6	2	4	225	0.00	30.444	971	0.000	-100000.0
20090519 13:00	64.8	64.8	64.8	38	38.6	3	9	158	0.00	30.439	972	0.022	-100000.0
20090519 13:05	65.4	65.4	65.4	37	38.4	1	9	202	0.00	30.439	973	0.000	-100000.0
20090519 13:10	65.8	65.8	65.8	34	36.6	2	7	225	0.00	30.439	972	0.000	-100000.0
20090519 13:15	65.8	65.8	65.8	34	36.6	1	4	202	0.00	30.430	969	0.000	-100000.0
20090519 13:20	67.3	67.3	67.3	33	37.2	2	7	180	0.00	30.430	970	0.000	-100000.0
20090519 13:25	67.2	67.2	67.2	31	35.5	5	9	158	0.00	30.430	968	0.000	-100000.0
20090519 13:30	67.2	67.2	67.2	33	37.1	3	6	158	0.00	30.424	966	0.000	-100000.0
20090519 13:35	67.4	67.4	67.4	30	34.9	2	6	180	0.00	30.424	964	0.000	-100000.0
20090519 13:40	67.9	67.9	67.9	31	36.1	2	5	158	0.00	30.424	961	0.000	-100000.0
20090519 13:45	68.0	68.0	68.0	34	38.6	3	10	202	0.00	30.415	956	0.000	-100000.0
20090519 13:50	68.5	68.5	68.5	32	37.5	2	9	202	0.00	30.415	954	0.000	-100000.0
20090519 13:55	68.6	68.6	68.6	30	35.9	2	7	292	0.00	30.415	948	0.000	-100000.0
20090519 14:00	68.8	68.8	68.8	33	38.5	4	10	225	0.00	30.410	942	0.023	-100000.0
20090519 14:05	68.8	68.8	68.8	30	36.1	3	6	202	0.00	30.410	937	0.000	-100000.0
20090519 14:10	69.3	69.3	69.3	29	35.7	3	9	158	0.00	30.410	933	0.000	-100000.0
20090519 14:15	69.3	69.3	69.3	31	37.4	3	9	158	0.00	30.398	923	0.000	-100000.0
20090519 14:20	69.5	69.5	69.5	31	37.5	3	10	202	0.00	30.398	920	0.000	-100000.0
20090519 14:25	69.9	69.9	69.9	28	35.3	4	11	202	0.00	30.398	909	0.000	-100000.0
20090519 14:30	70.6	70.6	70.6	29	36.8	1	4	225	0.00	30.391	903	0.000	-100000.0
20090519 14:35	71.0	71.0	71.0	28	36.2	2	9	180	0.00	30.391	895	0.000	-100000.0
20090519 14:40	71.5	71.5	71.5	28	36.7	2	8	202	0.00	30.391	895	0.000	-100000.0
20090519 14:45	71.3	71.3	71.3	28	36.5	3	9	225	0.00	30.381	888	0.000	-100000.0
20090519 14:50	71.0	71.0	71.0	28	36.2	4	13	135	0.00	30.381	873	0.000	-100000.0
20090519 14:55	71.3	71.3	71.3	32	39.9	3	11	202	0.00	30.381	862	0.000	-100000.0
20090519 15:00	71.3	71.3	71.3	31	39.1	3	9	225	0.00	30.378	855	0.023	-100000.0
20090519 15:05	71.7	71.7	71.7	29	37.7	3	12	158	0.00	30.378	844	0.000	-100000.0
20090519 15:10	71.5	71.5	71.5	28	36.7	3	10	225	0.00	30.378	834	0.000	-100000.0
20090519 15:15	71.6	71.6	71.6	30	38.5	4	11	225	0.00	30.376	823	0.000	-100000.0
20090519 15:20	71.8	71.8	71.8	28	36.9	3	9	158	0.00	30.376	809	0.000	-100000.0
20090519 15:25	72.1	72.1	72.1	32	40.6	3	10	202	0.00	30.376	799	0.000	-100000.0
20090519 15:30	72.1	72.1	72.1	28	37.2	4	11	202	0.00	30.367	787	0.000	-100000.0
20090519 15:35	71.9	71.9	71.9	29	37.9	4	13	158	0.00	30.367	774	0.000	-100000.0
20090519 15:40	72.2	72.2	72.2	27	36.4	4	11	202	0.00	30.367	763	0.000	-100000.0
20090519 15:45	72.5	72.5	72.5	29	38.4	3	7	225	0.00	30.364	749	0.000	-100000.0
20090519 15:50	72.9	72.9	72.9	29	38.8	3	9	202	0.00	30.364	740	0.000	-100000.0
20090519 15:55	72.4	72.4	72.4	28	37.4	5	14	180	0.00	30.364	726	0.000	-100000.0
20090519 16:00	71.9	71.9	71.9	30	38.8	5	14	202	0.00	30.364	714	0.021	-100000.0
20090519 16:05	71.9	71.9	71.9	29	37.9	5	11	158	0.00	30.364	702	0.000	-100000.0
20090519 16:10	72.6	72.6	72.6	28	37.6	3	12	225	0.00	30.364	694	0.000	-100000.0
20090519 16:15	72.8	72.8	72.8	27	36.9	2	9	225	0.00	30.366	688	0.000	-100000.0
20090519 16:20	73.3	73.3	73.3	30	40.0	3	10	202	0.00	30.366	667	0.000	-100000.0
20090519 16:25	73.1	73.1	73.1	28	38.0	4	14	180	0.00	30.366	659	0.000	-100000.0
20090519 16:30	73.0	73.0	73.0	29	38.9	3	11	158	0.00	30.366	636	0.000	-100000.0
20090519 16:35	73.0	73.0	73.0	28	38.0	4	11	202	0.00	30.366	621	0.000	-100000.0
20090519 16:40	73.0	73.0	73.0	29	38.9	3	13	180	0.00	30.366	607	0.000	-100000.0
20090519 16:45	72.9	72.9	72.9	29	38.8	3	9	158	0.00	30.367	596	0.000	-100000.0
20090519 16:50	71.9	71.9	71.9	28	37.0	7	13	180	0.00	30.367	580	0.000	-100000.0
20090519 16:55	72.7	72.7	72.7	29	38.6	3	11	202	0.00	30.367	515	0.000	-100000.0
20090519 17:00	73.0	73.0	73.0	29	38.9	3	11	225	0.00	30.366	477	0.017	-100000.0
20090519 17:05	73.0	73.0	73.0	28	38.0	3	10	202	0.00	30.366	488	0.000	-100000.0
20090519 17:10	72.6	72.6	72.6	28	37.6	3	10	202	0.00	30.366	408	0.000	-100000.0
20090519 17:15	72.9	72.9	72.9	29	38.8	2	6	158	0.00	30.365	529	0.000	-100000.0
20090519 17:20	73.3	73.3	73.3	28	38.2	3	10	202	0.00	30.365	513	0.000	-100000.0
20090519 17:25	73.1	73.1	73.1	29	38.9	4	12	225	0.00	30.365	383	0.000	-100000.0
20090519 17:30	72.7	72.7	72.7	29	38.6	4	12	225	0.00	30.363	391	0.000	-100000.0
20090519 17:35	72.6	72.6	72.6	28	37.6	4	9	202	0.00	30.363	341	0.000	-100000.0
20090519 17:40	72.8	72.8	72.8	29	38.7	2	7	225	0.00	30.363	399	0.000	-100000.0
20090519 17:45	72.8	72.8	72.8	27	36.9	4	10	225	0.00	30.358	330	0.000	-100000.0
20090519 17:50	72.7	72.7	72.7	28	37.7	3	11	180	0.00	30.358	388	0.000	-100000.0
20090519 17:55	72.9	72.9	72.9	27	36.9	3	11	202	0.00	30.358	372	0.000	-100000.0
20090519 18:00	72.8	72.8	72.8	29	38.7	3	7	225	0.00	30.353	366	0.012	-100000.0
20090519 18:05	73.1	73.1	73.1	28	38.0	3	10	225	0.00	30.353	346	0.000	-100000.0
20090519 18:10	73.3	73.3	73.3	27	37.3	2	10	180	0.00	30.353	324	0.000	-100000.0
20090519 18:15	73.3	73.3	73.3	28	38.2	2	5	202	0.00	30.354	304	0.000	-100000.0
20090519 18:20	73.4	73.4	73.4	28	38.3	2	10	225	0.00	30.354	288	0.000	-100000.0
20090519 18:25	73.3	73.3	73.3	29	39.1	2	7	225	0.00	30.354	270	0.000	-100000.0
20090519 18:30	73.3	73.3	73.3	30	40.0	2	9	225	0.00	30.350	251	0.000	-100000.0
20090519 18:35	73.2	73.2	73.2	28	38.1	1	4	202	0.00	30.350	232	0.000	-100000.0
20090519 18:40	73.2	73.2	73.2	28	38.1	2	9	225	0.00	30.350	216	0.000	-100000.0
20090519 18:45	73.0	73.0	73.0	28	38.0	2	7	225	0.00	30.352	193	0.000	-100000.0
20090519 18:50	73.0	73.0	73.0	29	38.9	1	5	202	0.00	30.352	162	0.000	-100000.0
20090519 18:55	72.9	72.9	72.9	29	38.8	1	5	202	0.00	30.352	157	0.000	-100000.0
20090519 19:00	72.8	72.8	72.8	30	39.5	1	6	202	0.00	30.364	142	0.007	-100000.0
20090519 19:05	72.3	72.3	72.3	29	38.3	2	7	202	0.00	30.364	107	0.000	-100000.0
20090519 19:10	71.9	71.9	71.9	30	38.8	2	6	180	0.00	30.364	94	0.000	-100000.0
20090519 19:15	71.6	71.6	71.6	30	38.5	1	5	225	0.00	30.357	79	0.000	-100000.0
20090519 19:20	71.7	71.7	71.7	30	38.6	0	4	202	0.00	30.357	72	0.000	-100000.0
20090519 19:25	71.6	71.6	71.6	30	38.5	1	5	202	0.00	30.357	57	0.000	-100000.0
20090519 19:30	71.3	71.3	71.3	30	38.3	1	3	180	0.00	30.357	37	0.000	-100000.0
20090519 19:35	70.7	70.7	70.7	31	38.6	3	10	202	0.00	30.357	31	0.000	-100000.0
20090519 19:40	69.8	69.8	69.8	33	39.4	4	10	180	0.00	30.357	26	0.000	-100000.0
20090519 19:45	69.1	69.1	69.1	34	39.5	3	10	202	0.00	30.355	23	0.000	-100000.0
20090519 19:50	68.5	68.5	68.5	35	39.8	2	6	225	0.00	30.355	17	0.000	-100000.0
20090519 19:55	67.9	67.9	67.9	36	40.0	3	10	180	0.00	30.355	13	0.000	-100000.0
20090519 20:00	67.4	67.4	67.4	37	40.2	3	12	202	0.00	30.356	10	0.003	-100000.0
20090519 20:05	66.9	66.9	66.9	37	39.8	3	6	158	0.00	30.356	6	0.000	-100000.0
20090519 20:10	66.5	66.5	66.5	38	40.1	3	10	158	0.00	30.356	1	0.000	-100000.0
20090519 20:15	66.1	66.1	66.1	39	40.4	3	9	180	0.00	30.352	0	0.000	-100000.0
20090519 20:20	65.6	65.6	65.6	40	40.6	4	13	202	0.00	30.352	0	0.000	-100000.0
20090519 20:25	65.2	65.2	65.2	40	40.3	3	9	180	0.00	30.352	0	0.000	-100000.0
20090519 20:30	64.8	64.8	64.8	41	40.5	3	7	202	0.00	30.352	0	0.000	-100000.0
20090519 20:35	64.5	64.5	64.5	42	40.9	2	9	180	0.00	30.352	0	0.000	-100000.0
20090519 20:40	64.2	64.2	64.2	42	40.6	2	10	202	0.00	30.352	0	0.000	-100000.0
20090519 20:45	64.0	64.0	64.0	43	41.1	3	11	180	0.00	30.355	0	0.000	-100000.0
20090519 20:50	63.9	63.9	63.9	43	41.0	3	10	202	0.00	30.355	0	0.000	-100000.0
20090519 20:55	63.7	63.7	63.7	43	40.8	3	7	202	0.00	30.355	0	0.000	-100000.0
20090519 21:00	63.5	63.5	63.5	43	40.6	3	10	202	0.00	30.352	0	0.002	-100000.0
20090519 21:05	63.4	63.4	63.4	43	40.5	3	6	180	0.00	30.352	0	0.000	-100000.0
20090519 21:10	63.2	63.2	63.2	43	40.3	4	9	180	0.00	30.352	0	0.000	-100000.0
20090519 21:15	63.0	63.0	63.0	44	40.7	3	6	158	0.00	30.362	0	0.000	-100000.0
20090519 21:20	62.8	62.8	62.8	43	40.0	3	6	158	0.00	30.362	0	0.000	-100000.0
20090519 21:25	62.7	62.7	62.7	44	40.5	3	6	202	0.00	30.362	0	0.000	-100000.0
20090519 21:30	62.6	62.6	62.6	44	40.4	3	9	180	0.00	30.370	0	0.000	-100000.0
20090519 21:35	62.4	62.4	62.4	44	40.2	2	5	180	0.00	30.370	0	0.000	-100000.0
20090519 21:40	62.1	62.1	62.1	45	40.5	3	6	180	0.00	30.370	0	0.000	-100000.0
20090519 21:45	61.9	61.9	61.9	45	40.3	3	6	180	0.00	30.377	0	0.000	-100000.0
20090519 21:50	61.7	61.7	61.7	45	40.1	3	8	158	0.00	30.377	0	0.000	-100000.0
20090519 21:55	61.5	61.5	61.5	46	40.5	2	5	158	0.00	30.377	0	0.000	-100000.0
20090519 22:00	61.2	61.2	61.2	46	40.3	3	6	180	0.00	30.384	0	0.003	-100000.0
20090519 22:05	60.9	60.9	60.9	47	40.5	2	6	180	0.00	30.384	0	0.000	-100000.0
20090519 22:10	60.7	60.7	60.7	47	40.3	4	5	158	0.00	30.384	0	0.000	-100000.0
20090519 22:15	60.4	60.4	60.4	48	40.6	3	5	180	0.00	30.390	0	0.000	-100000.0
20090519 22:20	60.1	60.1	60.1	48	40.3	2	5	158	0.00	30.390	0	0.000	-100000.0
20090519 22:25	60.0	60.0	60.0	48	40.3	3	5	158	0.00	30.390	0	0.000	-100000.0
20090519 22:30	59.8	59.8	59.8	48	40.1	3	5	158	0.00	30.392	0	0.000	-100000.0
20090519 22:35	59.6	59.6	59.6	48	39.9	4	7	158	0.00	30.392	0	0.000	-100000.0
20090519 22:40	59.4	59.4	59.4	49	40.2	3	6	158	0.00	30.392	0	0.000	-100000.0
20090519 22:45	59.1	59.1	59.1	49	40.0	4	7	158	0.00	30.391	0	0.000	-100000.0
20090519 22:50	59.0	59.0	59.0	49	39.9	4	8	158	0.00	30.391	0	0.000	-100000.0
20090519 22:55	59.0	59.0	59.0	50	40.4	4	7	158	0.00	30.391	0	0.000	-100000.0
20090519 23:00	58.9	58.9	58.9	50	40.3	3	7	158	0.00	30.392	0	0.003	-100000.0
20090519 23:05	58.6	58.6	58.6	51	40.5	4	6	158	0.00	30.392	0	0.000	-100000.0
20090519 23:10	58.4	58.4	58.4	51	40.3	4	9	158	0.00	30.392	0	0.000	-100000.0
20090519 23:15	58.2	58.2	58.2	52	40.7	4	6	158	0.00	30.393	0	0.000	-100000.0
20090519 23:20	58.1	58.1	58.1	53	41.1	4	7	158	0.00	30.393	0	0.000	-100000.0
20090519 23:25	57.9	57.9	57.9	53	40.9	5	10	158	0.00	30.393	0	0.000	-100000.0
20090519 23:30	57.7	57.7	57.7	53	40.7	5	10	158	0.00	30.392	0	0.000	-100000.0
20090519 23:35	57.5	57.5	57.5	54	41.0	5	10	158	0.00	30.392	0	0.000	-100000.0
20090519 23:40	57.3	57.3	57.3	55	41.3	5	10	158	0.00	30.392	0	0.000	-100000.0
20090519 23:45	57.1	57.1	57.1	55	41.1	5	10	158	0.00	30.392	0	0.000	-100000.0
20090519 23:50	56.9	56.9	56.9	55	40.9	5	10	158	0.00	30.392	0	0.000	-100000.0
20090519 23:55	56.8	56.8	56.8	56	41.3	5	9	158	0.00	30.392	0	0.000	-100000.0
